desc: I1 cache:         32768 B, 64 B, 8-way associative
desc: D1 cache:         32768 B, 64 B, 8-way associative
desc: LL cache:         6291456 B, 64 B, 12-way associative
cmd: ./main
events: Ir I1mr ILmr Dr D1mr DLmr Dw D1mw DLmw 
fl=/build/buildd/eglibc-2.19/csu/../csu/init-first.c
fn=_init
52 8 1 1 0 0 0 4 0 0
58 4 1 1 1 1 0 1 1 1
65 5 1 1 4 2 0 0 0 0
70 1 0 0 0 0 0 1 1 1
71 1 0 0 0 0 0 1 0 0
72 2 0 0 1 1 0 1 1 1
86 4 0 0 0 0 0 1 0 0
94 1 0 0 0 0 0 1 0 0
99 6 0 0 5 0 0 0 0 0
fl=/build/buildd/eglibc-2.19/csu/../sysdeps/generic/dl-hash.h
fn=_init
43 1 0 0 0 0 0 0 0 0
44 1 0 0 0 0 0 0 0 0
45 13 0 0 4 0 0 0 0 0
48 12 0 0 0 0 0 0 0 0
49 8 0 0 0 0 0 0 0 0
62 8 0 0 0 0 0 0 0 0
67 1 1 1 0 0 0 0 0 0
fl=/build/buildd/eglibc-2.19/csu/../sysdeps/unix/sysv/linux/x86_64/init-first.c
fn=_init
38 7 1 1 0 0 0 4 0 0
40 4 0 0 0 0 0 1 0 0
41 2 0 0 0 0 0 0 0 0
42 2 1 1 0 0 0 0 0 0
43 2 1 1 1 0 0 0 0 0
44 1 0 0 0 0 0 1 1 0
46 3 0 0 0 0 0 1 0 0
50 3 0 0 0 0 0 0 0 0
51 2 0 0 1 0 0 0 0 0
52 1 0 0 0 0 0 1 0 0
fl=/build/buildd/eglibc-2.19/csu/../sysdeps/x86_64/multiarch/init-arch.c
fn=__init_cpu_features
31 7 1 1 0 0 0 4 0 0
37 3 0 0 0 0 0 0 0 0
38 3 0 0 0 0 0 0 0 0
39 2 0 0 0 0 0 0 0 0
45 1 0 0 0 0 0 1 0 0
54 3 1 1 0 0 0 1 0 0
57 6 0 0 0 0 0 0 0 0
59 3 0 0 0 0 0 0 0 0
65 3 0 0 0 0 0 0 0 0
66 2 1 1 0 0 0 0 0 0
71 2 0 0 0 0 0 0 0 0
74 12 1 1 0 0 0 0 0 0
101 2 1 1 0 0 0 0 0 0
123 1 0 0 1 1 1 0 0 0
127 1 1 1 0 0 0 0 0 0
152 2 1 1 1 0 0 0 0 0
153 7 0 0 0 0 0 4 0 0
160 3 0 0 1 0 0 0 0 0
164 2 0 0 0 0 0 0 0 0
166 3 1 1 0 0 0 0 0 0
170 2 1 1 0 0 0 0 0 0
171 1 0 0 1 0 0 0 0 0
173 2 0 0 0 0 0 0 0 0
176 2 0 0 1 0 0 0 0 0
184 6 1 1 0 0 0 0 0 0
185 5 0 0 0 0 0 0 0 0
186 2 0 0 0 0 0 0 0 0
189 1 0 0 0 0 0 1 0 0
190 1 0 0 0 0 0 1 0 0
192 1 0 0 0 0 0 1 0 0
193 2 0 0 2 0 0 0 0 0
fl=/build/buildd/eglibc-2.19/csu/libc-start.c
fn=(below main)
133 10 1 1 0 0 0 8 0 0
137 7 2 2 1 1 0 1 0 0
219 2 0 0 0 0 0 0 0 0
220 4 0 0 0 0 0 1 0 0
242 6 0 0 2 0 0 0 0 0
245 2 0 0 0 0 0 0 0 0
246 5 1 1 4 0 0 1 0 0
250 4 0 0 2 1 0 0 0 0
265 2 0 0 0 0 0 0 0 0
274 2 0 0 0 0 0 1 0 0
275 2 1 1 0 0 0 0 0 0
280 2 0 0 1 1 0 1 0 0
281 2 0 0 1 0 0 1 0 0
284 2 0 0 0 0 0 1 0 0
287 6 0 0 5 0 0 1 0 0
fl=/build/buildd/eglibc-2.19/ctype/ctype-info.c
fn=__ctype_init
31 56 1 1 40 7 4 8 0 0
33 32 0 0 16 1 0 8 0 0
35 40 1 1 24 1 1 8 0 0
fl=/build/buildd/eglibc-2.19/elf/../elf/dl-runtime.c
fn=_dl_fixup
66 185 1 1 0 0 0 111 4 3
68 37 0 0 37 2 1 0 0 0
69 74 0 0 74 13 10 0 0 0
72 185 1 1 74 24 14 0 0 0
73 259 0 0 74 31 19 37 0 0
74 111 0 0 74 7 6 0 0 0
79 74 0 0 0 0 0 0 0 0
83 74 1 1 37 31 28 0 0 0
87 111 0 0 37 11 7 0 0 0
91 74 0 0 74 31 18 0 0 0
92 148 0 0 37 6 5 0 0 0
94 148 0 0 37 16 9 0 0 0
100 30 0 0 0 0 0 0 0 0
101 111 1 1 37 5 5 0 0 0
103 7 0 0 0 0 0 7 0 0
104 14 0 0 0 0 0 0 0 0
108 74 0 0 37 9 7 37 0 0
111 370 1 1 74 10 7 111 2 2
115 111 0 0 37 0 0 0 0 0
116 28 1 1 14 0 0 0 0 0
119 148 0 0 37 0 0 37 0 0
125 222 1 1 74 4 4 0 0 0
133 37 0 0 37 0 0 0 0 0
141 148 0 0 37 0 0 0 0 0
145 111 0 0 37 7 4 0 0 0
149 185 0 0 148 0 0 0 0 0
fl=/build/buildd/eglibc-2.19/elf/../elf/dl-sysdep.c
fn=_dl_sysdep_start
86 8 1 1 0 0 0 7 1 1
87 2 0 0 0 0 0 0 0 0
88 1 0 0 0 0 0 0 0 0
110 1 0 0 0 0 0 1 0 0
111 204 1 1 66 9 9 4 3 3
114 2 0 0 0 0 0 1 0 0
115 1 0 0 0 0 0 1 1 1
117 90 4 4 23 5 5 10 0 0
118 111 0 0 21 3 3 0 0 0
121 1 0 0 1 0 0 0 0 0
122 1 0 0 0 0 0 0 0 0
124 1 0 0 1 0 0 0 0 0
125 1 0 0 0 0 0 0 0 0
127 1 1 1 1 0 0 0 0 0
128 1 0 0 0 0 0 0 0 0
130 1 0 0 1 0 0 0 0 0
131 1 0 0 0 0 0 0 0 0
151 1 1 1 1 0 0 0 0 0
152 1 0 0 0 0 0 0 0 0
154 1 0 0 1 0 0 0 0 0
155 1 0 0 0 0 0 0 0 0
157 1 1 1 1 0 0 0 0 0
158 1 0 0 0 0 0 0 0 0
163 1 0 0 1 0 0 0 0 0
164 1 0 0 0 0 0 0 0 0
179 1 0 0 1 0 0 0 0 0
180 1 0 0 0 0 0 0 0 0
232 3 1 1 0 0 0 2 0 0
234 5 0 0 0 0 0 1 0 0
246 3 1 1 1 0 0 0 0 0
249 6 0 0 2 0 0 1 0 0
250 1 0 0 1 1 0 0 0 0
251 8 0 0 7 1 0 0 0 0
fn=_dl_sysdep_start_cleanup
256 1 1 1 1 0 0 0 0 0
fl=/build/buildd/eglibc-2.19/elf/../misc/sbrk.c
fn=sbrk
34 4 1 1 0 0 0 2 0 0
42 6 0 0 2 0 0 0 0 0
46 2 1 1 0 0 0 0 0 0
57 5 0 0 3 0 0 0 0 0
fl=/build/buildd/eglibc-2.19/elf/../sysdeps/unix/sysv/linux/dl-osinfo.h
fn=security_init
61 2 0 0 0 0 0 0 0 0
84 2 1 1 1 0 0 1 0 0
86 1 1 1 1 0 0 0 0 0
93 1 0 0 1 0 0 0 0 0
101 2 0 0 0 0 0 0 0 0
112 1 0 0 1 0 0 0 0 0
fl=/build/buildd/eglibc-2.19/elf/../sysdeps/unix/sysv/linux/dl-sysdep.c
fn=_dl_discover_osversion
45 7 1 1 0 0 0 6 0 0
47 3 0 0 1 0 0 0 0 0
87 5 1 1 0 0 0 1 1 1
102 1 0 0 0 0 0 0 0 0
106 1 0 0 0 0 0 0 0 0
107 1 0 0 0 0 0 0 0 0
109 12 1 1 3 1 1 0 0 0
111 6 0 0 0 0 0 0 0 0
113 17 0 0 4 0 0 0 0 0
115 1 0 0 0 0 0 0 0 0
116 2 0 0 0 0 0 0 0 0
119 3 0 0 0 0 0 0 0 0
120 3 0 0 0 0 0 0 0 0
121 3 0 0 0 0 0 0 0 0
123 13 1 1 0 0 0 0 0 0
128 2 0 0 0 0 0 0 0 0
132 8 0 0 7 0 0 0 0 0
fn=_dl_sysdep_start
35 2 0 0 0 0 0 1 1 1
fl=/build/buildd/eglibc-2.19/elf/../sysdeps/unix/sysv/linux/dl-vdso.c
fn=_dl_vdso_vsym
26 6 0 0 0 0 0 0 0 0
27 12 1 1 12 4 1 0 0 0
28 12 1 1 6 0 0 0 0 0
31 12 0 0 0 0 0 0 0 0
fl=/build/buildd/eglibc-2.19/elf/../sysdeps/unix/sysv/linux/x86_64/brk.c
fn=brk
28 1 0 0 0 0 0 0 0 0
31 7 1 1 0 0 0 1 1 1
33 2 0 0 0 0 0 0 0 0
39 1 0 0 0 0 0 0 0 0
40 1 0 0 1 0 0 0 0 0
fl=/build/buildd/eglibc-2.19/elf/../sysdeps/x86_64/dl-irel.h
fn=_dl_fixup
32 9 1 1 0 0 0 3 0 0
fl=/build/buildd/eglibc-2.19/elf/../sysdeps/x86_64/dl-machine.h
fn=_dl_fixup
210 37 0 0 0 0 0 37 0 0
fn=_dl_relocate_object
71 24 1 1 6 0 0 0 0 0
77 10 1 1 10 4 0 0 0 0
81 15 0 0 5 5 4 0 0 0
87 5 0 0 0 0 0 5 0 0
95 15 1 1 5 0 0 0 0 0
108 10 0 0 0 0 0 5 0 0
111 20 0 0 5 5 1 0 0 0
244 242 0 0 0 0 0 0 0 0
265 242 1 1 0 0 0 0 0 0
269 242 0 0 0 0 0 0 0 0
276 4855 10 10 963 108 91 855 4 0
278 540 0 0 216 1 0 0 0 0
281 432 1 1 108 0 0 0 0 0
287 847 0 0 121 4 3 0 0 0
320 4 0 0 0 0 0 0 0 0
321 6 1 1 2 0 0 2 0 0
328 3 0 0 1 0 0 0 0 0
330 2 0 0 2 0 0 0 0 0
339 2 0 0 0 0 0 1 0 0
382 42 1 1 14 0 0 0 0 0
386 70 0 0 14 2 0 0 0 0
391 70 1 1 28 2 2 14 9 9
410 312 1 1 104 11 10 104 13 8
422 30 1 1 0 0 0 10 0 0
487 3786 0 0 1262 317 316 0 0 0
492 2524 1 1 0 0 0 0 0 0
493 3786 0 0 1262 158 158 1262 240 236
503 289 0 0 147 0 0 0 0 0
507 284 0 0 0 0 0 0 0 0
509 426 0 0 142 1 0 0 0 0
510 142 0 0 142 16 15 0 0 0
527 10 0 0 10 0 0 0 0 0
529 5 0 0 0 0 0 5 0 0
530 5 0 0 0 0 0 5 0 0
fn=_dl_start
58 3 0 0 1 1 1 0 0 0
241 9 0 0 0 0 0 0 0 0
269 18 0 0 0 0 0 0 0 0
278 36 0 0 18 2 2 0 0 0
281 36 0 0 9 5 5 0 0 0
287 55 0 0 9 2 2 0 0 0
391 9 1 1 9 1 1 0 0 0
400 9 0 0 0 0 0 9 2 2
492 20 0 0 10 1 1 0 0 0
493 30 0 0 10 1 1 10 2 2
fn=_dl_sysdep_start
200 5 0 0 2 1 1 0 0 0
fl=/build/buildd/eglibc-2.19/elf/../sysdeps/x86_64/dl-trampoline.S
fn=_dl_runtime_resolve
34 37 1 1 0 0 0 0 0 0
36 37 0 0 0 0 0 37 2 2
37 37 0 0 0 0 0 37 0 0
38 37 0 0 0 0 0 37 0 0
39 37 0 0 0 0 0 37 0 0
40 37 0 0 0 0 0 37 0 0
41 37 1 1 0 0 0 37 0 0
42 37 0 0 0 0 0 37 0 0
43 37 0 0 37 0 0 0 0 0
44 37 0 0 37 0 0 0 0 0
45 37 0 0 0 0 0 37 1 1
46 37 0 0 0 0 0 0 0 0
47 37 0 0 37 0 0 0 0 0
48 37 0 0 37 0 0 0 0 0
49 37 0 0 37 0 0 0 0 0
50 37 0 0 37 0 0 0 0 0
51 37 0 0 37 0 0 0 0 0
52 37 0 0 37 0 0 0 0 0
53 37 0 0 37 0 0 0 0 0
54 37 0 0 0 0 0 0 0 0
56 37 1 1 0 0 0 0 0 0
fl=/build/buildd/eglibc-2.19/elf/dl-addr.c
fn=_dl_addr
30 2 0 0 1 0 0 1 0 0
31 2 0 0 1 0 0 1 0 0
34 2 0 0 1 0 0 0 0 0
38 1 0 0 1 0 0 0 0 0
39 1 0 0 1 0 0 0 0 0
40 3 1 1 2 0 0 1 0 0
42 2 0 0 2 0 0 0 0 0
45 2 0 0 1 1 0 0 0 0
50 2029 0 0 2 0 0 0 0 0
52 1011 1 1 1011 63 18 0 0 0
53 2022 0 0 0 0 0 0 0 0
55 4927 0 0 905 0 0 0 0 0
61 11060 0 0 2212 473 423 0 0 0
63 8848 1 1 2212 0 0 0 0 0
64 16231 0 0 5080 352 315 0 0 0
69 2212 0 0 0 0 0 0 0 0
71 7647 1 1 2212 135 76 0 0 0
99 3 0 0 1 1 0 0 0 0
100 1 0 0 0 0 0 1 1 0
101 3 1 1 1 0 0 0 0 0
104 2 0 0 0 0 0 0 0 0
116 1 1 1 0 0 0 1 1 0
117 1 0 0 0 0 0 1 0 0
126 11 1 1 0 0 0 8 0 0
131 3 1 1 2 1 0 1 0 0
133 2 0 0 0 0 0 1 0 0
135 2 0 0 0 0 0 0 0 0
138 2 1 1 0 0 0 0 0 0
141 3 0 0 2 2 0 1 0 0
144 9 1 1 7 0 0 0 0 0
fl=/build/buildd/eglibc-2.19/elf/dl-altinit.c
fn=dlinit_alt
33 3 0 0 2 0 0 0 0 0
34 1 0 0 1 0 0 0 0 0
fl=/build/buildd/eglibc-2.19/elf/dl-cache.c
fn=_dl_cache_libcmp
138 96 1 1 64 26 26 0 0 0
139 378 0 0 0 0 0 0 0 0
141 552 0 0 0 0 0 0 0 0
143 194 0 0 0 0 0 0 0 0
149 15 1 1 0 0 0 0 0 0
150 10 0 0 0 0 0 0 0 0
151 20 0 0 5 0 0 0 0 0
153 25 1 1 5 0 0 0 0 0
155 10 0 0 0 0 0 0 0 0
161 358 1 1 0 0 0 0 0 0
163 662 0 0 304 0 0 0 0 0
164 27 0 0 0 0 0 0 0 0
167 152 0 0 0 0 0 0 0 0
168 152 0 0 0 0 0 0 0 0
171 10 0 0 0 0 0 0 0 0
172 64 0 0 32 0 0 0 0 0
fn=_dl_load_cache_lookup
182 24 1 1 0 0 0 18 0 0
190 6 0 0 3 0 0 0 0 0
193 9 0 0 3 0 0 0 0 0
196 5 1 1 0 0 0 1 0 0
204 5 0 0 1 0 0 0 0 0
205 6 1 1 0 0 0 1 0 0
209 1 0 0 0 0 0 1 0 0
212 4 0 0 1 0 0 0 0 0
215 2 0 0 0 0 0 1 0 0
216 3 0 0 0 0 0 0 0 0
217 5 1 1 0 0 0 1 0 0
219 2 0 0 0 0 0 0 0 0
238 8 0 0 2 0 0 0 0 0
244 9 1 1 3 0 0 0 0 0
253 15 0 0 6 0 0 3 0 0
259 12 0 0 0 0 0 6 0 0
263 21 1 1 6 0 0 6 0 0
264 18 0 0 9 0 0 0 0 0
278 730 9 9 94 24 24 35 0 0
294 6 1 1 3 0 0 0 0 0
299 27 0 0 21 0 0 0 0 0
fn=_dl_unload_cache
308 1 0 0 0 0 0 0 0 0
309 4 1 1 1 1 0 0 0 0
311 2 0 0 1 1 0 1 0 0
312 1 0 0 0 0 0 1 0 0
314 2 0 0 1 0 0 0 0 0
fl=/build/buildd/eglibc-2.19/elf/dl-debug.c
fn=_dl_debug_initialize
50 12 1 1 0 0 0 0 0 0
51 6 1 1 6 0 0 0 0 0
55 22 0 0 6 1 0 0 0 0
58 1 0 0 0 0 0 1 0 0
59 2 0 0 0 0 0 1 0 0
60 6 0 0 2 0 0 1 0 0
61 2 0 0 0 0 0 1 0 0
fn=_dl_debug_state
74 2 1 1 2 0 0 0 0 0
fl=/build/buildd/eglibc-2.19/elf/dl-deps.c
fn=_dl_map_object_deps
147 11 2 2 0 0 0 9 0 0
148 9 0 0 0 0 0 1 0 0
160 6 0 0 0 0 0 2 0 0
161 2 0 0 0 0 0 2 0 0
162 10 0 0 0 0 0 3 0 0
164 1 0 0 0 0 0 0 0 0
168 8 1 1 2 0 0 2 0 0
178 8 1 1 1 0 0 0 0 0
179 1 0 0 1 0 0 0 0 0
182 3 1 1 0 0 0 2 0 0
188 1 0 0 0 0 0 1 0 0
189 1 0 0 0 0 0 1 0 0
201 2 0 0 1 0 0 1 0 0
202 1 0 0 0 0 0 0 0 0
203 1 0 0 0 0 0 1 0 0
204 2 0 0 0 0 0 2 0 0
209 6 0 0 0 0 0 0 0 0
210 6 1 1 0 0 0 0 0 0
213 6 0 0 0 0 0 6 0 0
217 24 1 1 12 0 0 0 0 0
218 27 1 1 11 0 0 0 0 0
220 4 0 0 0 0 0 0 0 0
222 12 0 0 8 0 0 0 0 0
224 39 1 1 3 0 0 6 0 0
229 20 1 1 10 0 0 0 0 0
231 12 0 0 8 0 0 4 0 0
236 4 0 0 0 0 0 4 0 0
237 4 0 0 0 0 0 4 0 0
238 8 0 0 4 0 0 4 0 0
239 8 0 0 4 0 0 4 0 0
242 460 0 0 120 1 0 4 0 0
243 216 0 0 0 0 0 0 0 0
249 56 1 1 16 0 0 8 0 0
251 8 0 0 0 0 0 8 0 0
254 48 1 1 32 0 0 8 0 0
256 24 0 0 8 0 0 0 0 0
271 8 0 0 8 0 0 0 0 0
273 16 0 0 8 0 0 0 0 0
278 12 0 0 0 0 0 0 0 0
281 4 0 0 0 0 0 4 0 0
282 4 1 1 0 0 0 4 0 0
283 4 0 0 0 0 0 4 0 0
284 8 0 0 4 0 0 4 0 0
286 16 0 0 4 0 0 4 0 0
288 20 0 0 4 0 0 8 0 0
292 16 0 0 0 0 0 0 0 0
293 15 0 0 0 0 0 5 0 0
295 300 1 1 0 0 0 0 0 0
343 9 1 1 0 0 0 4 0 0
471 12 1 1 0 0 0 0 0 0
473 12 0 0 0 0 0 4 0 0
475 8 0 0 0 0 0 4 0 0
476 8 0 0 0 0 0 0 0 0
477 8 1 1 0 0 0 0 0 0
480 4 0 0 0 0 0 4 1 1
481 24 0 0 0 0 0 4 0 0
482 20 0 0 0 0 0 4 0 0
485 4 0 0 0 0 0 4 0 0
486 4 0 0 4 0 0 0 0 0
490 24 1 1 12 0 0 0 0 0
492 6 0 0 6 0 0 0 0 0
493 27 0 0 5 0 0 0 0 0
497 6 1 1 2 0 0 0 0 0
498 2 0 0 1 0 0 1 0 0
501 5 0 0 2 0 0 1 0 0
511 2 0 0 0 0 0 1 0 0
512 3 1 1 1 0 0 0 0 0
514 2 0 0 0 0 0 0 0 0
519 7 1 1 2 0 0 1 0 0
520 4 0 0 1 0 0 1 0 0
522 33 0 0 13 0 0 1 0 0
528 18 1 1 6 0 0 6 1 1
532 12 0 0 12 0 0 0 0 0
535 2 0 0 1 0 0 0 0 0
586 6 1 1 3 0 0 1 0 0
587 1 0 0 0 0 0 1 0 0
588 3 0 0 1 0 0 0 0 0
623 7 1 1 1 0 0 2 0 0
625 3 0 0 0 0 0 0 0 0
629 22 0 0 10 0 0 3 0 0
630 8 1 1 0 0 0 2 0 0
631 3 1 1 1 0 0 1 0 0
635 5 0 0 5 0 0 0 0 0
636 10 0 0 5 0 0 0 0 0
642 39 1 1 5 0 0 0 0 0
644 40 0 0 20 0 0 0 0 0
645 24 0 0 0 0 0 0 0 0
647 63 0 0 21 0 0 0 0 0
648 45 0 0 0 0 0 0 0 0
658 2 1 1 2 0 0 0 0 0
670 10 1 1 0 0 0 0 0 0
673 15 0 0 5 0 0 0 0 0
676 67 0 0 17 0 0 17 0 0
683 2 1 1 1 0 0 1 0 0
685 2 0 0 1 0 0 1 0 0
686 1 0 0 1 0 0 0 0 0
687 3 0 0 1 0 0 0 0 0
694 3 0 0 1 0 0 0 0 0
697 2 0 0 0 0 0 0 0 0
700 8 0 0 7 0 0 0 0 0
fn=openaux
60 16 1 1 0 0 0 8 0 0
63 80 1 1 32 0 0 16 0 0
64 16 0 0 8 0 0 0 0 0
67 8 0 0 8 0 0 0 0 0
68 16 0 0 16 0 0 0 0 0
fl=/build/buildd/eglibc-2.19/elf/dl-environ.c
fn=_dl_next_ld_env_entry
30 3 1 1 3 0 0 0 0 0
31 1 0 0 0 0 0 0 0 0
33 197 0 0 65 0 0 0 0 0
35 128 0 0 64 30 30 0 0 0
36 22 1 1 10 0 0 0 0 0
38 2 0 0 0 0 0 0 0 0
41 4 0 0 0 0 0 2 0 0
43 2 0 0 2 0 0 0 0 0
46 62 0 0 0 0 0 0 0 0
50 1 0 0 1 0 0 0 0 0
fl=/build/buildd/eglibc-2.19/elf/dl-error.c
fn=_dl_catch_error
163 36 1 1 0 0 0 27 0 0
175 18 0 0 0 0 0 18 3 3
176 18 0 0 0 0 0 18 0 0
177 18 0 0 0 0 0 18 0 0
178 18 0 0 0 0 0 9 1 1
180 18 0 0 9 0 0 18 0 0
181 18 0 0 9 0 0 9 0 0
182 18 1 1 0 0 0 9 0 0
185 54 0 0 0 0 0 9 0 0
187 27 0 0 18 0 0 9 0 0
188 27 0 0 18 0 0 9 0 0
189 18 0 0 9 0 0 9 0 0
190 18 1 1 9 0 0 9 0 0
191 18 0 0 9 0 0 9 0 0
199 36 0 0 18 0 0 0 0 0
fn=_dl_receive_error
205 10 1 1 0 0 0 6 0 0
206 2 0 0 1 0 0 1 0 0
210 1 0 0 1 0 0 0 0 0
211 1 0 0 1 0 0 0 0 0
214 1 0 0 0 0 0 1 0 0
215 1 0 0 0 0 0 1 0 0
217 2 0 0 0 0 0 1 0 0
219 1 1 1 0 0 0 1 0 0
220 1 0 0 0 0 0 1 0 0
221 8 0 0 7 0 0 0 0 0
fl=/build/buildd/eglibc-2.19/elf/dl-hwcaps.c
fn=_dl_important_hwcaps
39 12 1 1 0 0 0 10 2 2
41 1 0 0 1 0 0 0 0 0
42 4 0 0 0 0 0 1 0 0
51 3 1 1 1 0 0 0 0 0
61 4 1 1 1 0 0 1 0 0
92 2 1 1 0 0 0 0 0 0
113 1 1 1 0 0 0 0 0 0
115 5 0 0 0 0 0 1 0 0
130 6 0 0 0 0 0 0 0 0
131 2 0 0 0 0 0 0 0 0
133 2 0 0 0 0 0 0 0 0
145 2 1 1 0 0 0 0 0 0
162 2 1 1 0 0 0 0 0 0
170 2 1 1 1 0 0 0 0 0
172 4 0 0 1 0 0 1 0 0
173 4 1 1 1 0 0 1 0 0
177 3 0 0 0 0 0 1 0 0
178 1 0 0 0 0 0 1 0 0
181 2 0 0 0 0 0 0 0 0
184 2 0 0 0 0 0 0 0 0
188 12 1 1 2 0 0 3 0 0
189 2 0 0 0 0 0 0 0 0
207 12 2 2 1 0 0 6 0 0
208 5 0 0 0 0 0 1 0 0
209 4 0 0 2 0 0 0 0 0
238 3 0 0 0 0 0 2 0 0
241 2 0 0 0 0 0 0 0 0
243 5 2 2 2 0 0 2 0 0
244 7 0 0 2 0 0 4 0 0
269 19 2 2 3 0 0 0 0 0
270 8 0 0 0 0 0 4 0 0
274 12 0 0 0 0 0 0 0 0
277 28 0 0 0 0 0 0 0 0
278 24 1 1 0 0 0 0 0 0
279 12 0 0 8 0 0 0 0 0
281 4 0 0 0 0 0 0 0 0
284 3 0 0 1 0 0 0 0 0
285 1 0 0 0 0 0 0 0 0
286 12 2 2 3 0 0 0 0 0
299 6 0 0 2 0 0 2 0 0
300 2 0 0 0 0 0 0 0 0
302 4 0 0 0 0 0 0 0 0
305 3 0 0 2 0 0 1 0 0
307 1 0 0 0 0 0 0 0 0
308 8 0 0 7 0 0 0 0 0
fl=/build/buildd/eglibc-2.19/elf/dl-init.c
fn=_dl_init
36 40 2 2 7 0 0 6 0 0
86 11 2 2 0 0 0 6 0 0
87 1 0 0 1 1 0 0 0 0
88 1 0 0 1 0 0 0 0 0
91 3 0 0 1 0 0 0 0 0
94 2 0 0 0 0 0 1 0 0
98 4 0 0 1 0 0 0 0 0
125 21 0 0 0 0 0 0 0 0
126 18 0 0 12 0 0 0 0 0
132 8 0 0 7 0 0 0 0 0
fn=call_init.part.0
34 54 0 0 0 0 0 30 0 0
42 18 1 1 6 0 0 6 0 0
45 24 0 0 12 1 0 0 0 0
46 3 0 0 0 0 0 0 0 0
50 15 0 0 5 3 0 0 0 0
51 2 0 0 1 1 0 0 0 0
55 8 0 0 4 0 0 0 0 0
63 8 0 0 0 0 0 0 0 0
64 24 0 0 8 4 0 4 0 0
67 4 1 1 4 2 0 0 0 0
68 8 0 0 0 0 0 0 0 0
74 12 0 0 8 2 0 0 0 0
76 8 0 0 8 1 0 0 0 0
77 36 1 1 0 0 0 0 0 0
78 40 0 0 8 2 0 8 0 0
80 36 0 0 36 0 0 0 0 0
fl=/build/buildd/eglibc-2.19/elf/dl-load.c
fn=_dl_init_paths
714 9 1 1 0 0 0 6 0 0
727 6 1 1 2 0 0 2 0 0
731 1 0 0 0 0 0 1 0 0
732 3 0 0 0 0 0 1 0 0
733 2 0 0 0 0 0 0 0 0
740 5 1 1 0 0 0 0 0 0
741 5 0 0 1 0 0 2 0 0
744 1 0 0 0 0 0 1 0 0
745 2 0 0 0 0 0 1 0 0
747 3 0 0 1 0 0 0 0 0
753 1 0 0 0 0 0 1 0 0
754 1 0 0 0 0 0 1 0 0
762 13 0 0 0 0 0 3 1 1
764 8 1 1 0 0 0 4 0 0
765 7 1 1 0 0 0 4 3 3
767 8 0 0 0 0 0 4 0 0
768 14 0 0 3 1 1 4 1 1
769 33 0 0 4 0 0 13 0 0
772 9 1 1 3 1 1 0 0 0
776 27 1 1 15 0 0 5 0 0
782 1 1 1 0 0 0 1 1 1
783 1 0 0 0 0 0 1 0 0
787 1 1 1 1 0 0 0 0 0
788 2 0 0 0 0 0 0 0 0
790 4 0 0 1 0 0 0 0 0
792 3 0 0 1 0 0 0 0 0
809 1 0 0 0 0 0 1 0 0
811 3 1 1 1 0 0 0 0 0
825 2 1 1 0 0 0 1 0 0
830 4 2 2 1 0 0 0 0 0
838 5 0 0 0 0 0 1 0 0
840 11 1 1 0 0 0 2 0 0
856 2 0 0 0 0 0 0 0 0
857 46 1 1 15 0 0 0 0 0
859 14 0 0 0 0 0 0 0 0
860 42 0 0 0 0 0 0 0 0
861 14 0 0 0 0 0 0 0 0
864 1 0 0 0 0 0 1 0 0
865 1 0 0 0 0 0 1 0 0
866 2 0 0 0 0 0 0 0 0
872 8 0 0 1 0 0 2 0 0
876 3 1 1 2 0 0 0 0 0
882 1 0 0 0 0 0 1 0 0
886 8 0 0 7 0 0 0 0 0
fn=_dl_map_object
161 12 0 0 0 0 0 6 0 0
162 6 0 0 0 0 0 3 0 0
164 9 0 0 3 0 0 0 0 0
167 12 1 1 3 0 0 3 0 0
691 27 1 1 9 0 0 0 0 0
2317 90 2 2 0 0 0 72 2 2
2324 18 0 0 0 0 0 0 0 0
2325 18 0 0 9 1 1 0 0 0
2328 171 1 1 39 0 0 0 0 0
2333 105 0 0 35 0 0 0 0 0
2334 70 0 0 0 0 0 0 0 0
2336 180 0 0 0 0 0 35 1 1
2340 60 0 0 30 0 0 0 0 0
2341 90 1 1 30 0 0 0 0 0
2344 15 0 0 15 0 0 0 0 0
2345 30 0 0 30 0 0 0 0 0
2346 60 1 1 0 0 0 15 0 0
2362 8 1 1 4 0 0 0 0 0
2372 24 1 1 4 0 0 4 0 0
2396 4 0 0 0 0 0 4 1 1
2398 20 0 0 0 0 0 4 0 0
2402 12 1 1 0 0 0 6 0 0
2404 6 0 0 3 0 0 0 0 0
2411 12 1 1 3 0 0 0 0 0
2415 6 1 1 3 0 0 3 0 0
2416 9 0 0 0 0 0 3 0 0
2420 9 1 1 3 0 0 0 0 0
2421 3 0 0 0 0 0 0 0 0
2423 33 1 1 0 0 0 12 0 0
2435 12 1 1 9 0 0 0 0 0
2436 21 1 1 6 0 0 0 0 0
2437 3 1 1 0 0 0 0 0 0
2446 6 0 0 3 0 0 0 0 0
2447 54 1 1 6 0 0 12 0 0
2453 18 0 0 0 0 0 6 0 0
2454 3 1 1 0 0 0 0 0 0
2456 6 1 1 3 0 0 3 0 0
2462 12 0 0 0 0 0 3 0 0
2464 9 0 0 3 0 0 0 0 0
2468 9 0 0 0 0 0 6 0 0
2470 6 0 0 0 0 0 0 0 0
2474 9 1 1 3 0 0 0 0 0
2482 6 0 0 3 0 0 0 0 0
2504 27 1 1 6 0 0 3 0 0
2507 9 0 0 0 0 0 3 0 0
2509 3 0 0 0 0 0 3 0 0
2510 9 0 0 3 0 0 0 0 0
2530 6 1 1 3 0 0 0 0 0
2536 1 0 0 0 0 0 1 0 0
2538 6 0 0 0 0 0 1 0 0
2539 3 1 1 0 0 0 0 0 0
2540 1 0 0 0 0 0 0 0 0
2543 7 0 0 0 0 0 1 0 0
2546 2 0 0 0 0 0 0 0 0
2558 16 0 0 4 0 0 0 0 0
2560 8 1 1 0 0 0 0 0 0
2604 8 0 0 4 0 0 4 0 0
2605 48 1 1 8 0 0 16 0 0
2607 72 0 0 63 0 0 0 0 0
fn=_dl_map_object_from_fd
474 4 1 1 2 0 0 0 0 0
923 60 1 1 0 0 0 40 2 2
934 16 1 1 4 0 0 8 1 1
935 4 0 0 0 0 0 4 0 0
938 24 0 0 0 0 0 4 0 0
949 70 1 1 22 0 0 0 0 0
950 68 0 0 36 1 1 0 0 0
967 8 1 1 4 0 0 0 0 0
992 8 0 0 4 0 0 0 0 0
1002 8 1 1 4 0 0 0 0 0
1024 16 0 0 8 0 0 0 0 0
1056 8 0 0 0 0 0 0 0 0
1059 32 1 1 16 0 0 4 0 0
1060 8 0 0 0 0 0 0 0 0
1071 12 0 0 8 0 0 4 3 3
1072 12 0 0 8 0 0 4 0 0
1073 8 1 1 4 0 0 4 0 0
1075 20 0 0 0 0 0 0 0 0
1076 16 0 0 8 0 0 0 0 0
1077 4 0 0 0 0 0 0 0 0
1092 4 1 1 0 0 0 4 0 0
1101 48 1 1 8 0 0 12 0 0
1102 4 0 0 0 0 0 0 0 0
1103 4 0 0 0 0 0 0 0 0
1109 284 0 0 0 0 0 0 0 0
1110 272 2 2 34 0 0 0 0 0
1116 8 0 0 4 0 0 4 0 0
1117 12 0 0 4 0 0 4 0 0
1118 4 0 0 0 0 0 0 0 0
1121 4 0 0 2 0 0 2 0 0
1122 2 0 0 0 0 0 0 0 0
1127 40 2 2 16 0 0 0 0 0
1133 48 0 0 16 0 0 0 0 0
1134 8 0 0 0 0 0 0 0 0
1141 40 0 0 8 0 0 0 0 0
1142 32 0 0 0 0 0 8 3 3
1143 24 0 0 8 0 0 0 0 0
1144 16 0 0 0 0 0 8 1 1
1145 8 0 0 0 0 0 8 0 0
1146 16 1 1 8 0 0 8 1 1
1147 16 0 0 0 0 0 8 0 0
1151 16 0 0 0 0 0 0 0 0
1152 12 0 0 4 0 0 0 0 0
1157 56 1 1 8 0 0 8 1 1
1167 8 0 0 0 0 0 0 0 0
1170 6 0 0 2 0 0 0 0 0
1174 2 0 0 0 0 0 2 2 2
1175 4 1 1 2 0 0 2 1 1
1176 4 0 0 0 0 0 0 0 0
1177 2 0 0 0 0 0 0 0 0
1179 6 0 0 2 0 0 2 0 0
1180 4 0 0 2 0 0 2 0 0
1183 4 0 0 2 0 0 2 0 0
1187 8 0 0 2 0 0 0 0 0
1193 6 0 0 2 0 0 4 2 2
1194 2 0 0 0 0 0 0 0 0
1198 16 0 0 4 0 0 4 0 0
1206 20 0 0 0 0 0 0 0 0
1250 8 1 1 4 0 0 4 0 0
1251 16 0 0 0 0 0 0 0 0
1254 8 1 1 4 0 0 4 0 0
1255 12 0 0 8 0 0 4 0 0
1256 4 0 0 0 0 0 0 0 0
1259 12 0 0 0 0 0 0 0 0
1272 32 1 1 20 0 0 4 0 0
1274 8 0 0 4 0 0 0 0 0
1288 4 0 0 4 0 0 0 0 0
1293 28 1 1 16 0 0 8 2 2
1297 8 0 0 0 0 0 0 0 0
1304 12 0 0 4 0 0 4 0 0
1305 12 1 1 8 0 0 4 0 0
1307 8 0 0 0 0 0 0 0 0
1313 24 0 0 4 0 0 4 0 0
1314 4 1 1 4 0 0 0 0 0
1317 4 0 0 4 0 0 0 0 0
1319 4 0 0 4 0 0 0 0 0
1340 40 0 0 8 0 0 0 0 0
1342 16 1 1 8 0 0 0 0 0
1344 40 0 0 16 0 0 4 0 0
1352 24 0 0 8 0 0 0 0 0
1353 12 1 1 8 0 0 4 0 0
1355 16 0 0 8 0 0 0 0 0
1356 10 1 1 6 0 0 0 0 0
1357 12 0 0 4 0 0 0 0 0
1358 10 1 1 2 0 0 0 0 0
1360 8 0 0 0 0 0 2 0 0
1363 32 0 0 16 0 0 0 0 0
1369 8 0 0 4 0 0 0 0 0
1370 4 0 0 0 0 0 0 0 0
1371 20 0 0 4 0 0 0 0 0
1372 8 1 1 0 0 0 0 0 0
1379 8 0 0 0 0 0 0 0 0
1382 8 0 0 0 0 0 0 0 0
1393 28 0 0 0 0 0 12 0 0
1394 20 0 0 12 0 0 0 0 0
1399 8 0 0 0 0 0 0 0 0
1403 16 0 0 2 0 0 2 0 0
1406 4 0 0 0 0 0 0 0 0
1414 8 1 1 0 0 0 0 0 0
1418 16 1 1 8 0 0 0 0 0
1427 12 0 0 4 0 0 4 0 0
1433 8 0 0 0 0 0 0 0 0
1449 12 1 1 4 0 0 0 0 0
1468 8 0 0 4 0 0 4 0 0
1470 20 0 0 8 0 0 0 0 0
1525 12 0 0 4 2 2 0 0 0
1526 4 0 0 2 0 0 2 0 0
1529 16 1 1 4 0 0 4 0 0
1537 28 1 1 4 0 0 0 0 0
1540 16 1 1 8 0 0 4 0 0
1542 8 0 0 4 0 0 0 0 0
1558 8 0 0 0 0 0 4 0 0
1562 8 0 0 4 0 0 0 0 0
1563 8 0 0 4 0 0 0 0 0
1580 8 1 1 4 0 0 0 0 0
1581 2 0 0 0 0 0 2 0 0
1584 8 0 0 4 0 0 4 0 0
1585 8 0 0 4 0 0 4 0 0
1589 8 0 0 4 0 0 0 0 0
1599 12 1 1 4 0 0 4 0 0
1603 16 0 0 4 0 0 0 0 0
1623 32 0 0 28 0 0 0 0 0
fn=expand_dynamic_string_token
161 6 0 0 0 0 0 2 0 0
162 4 1 1 0 0 0 2 0 0
164 4 0 0 0 0 0 0 0 0
167 8 0 0 0 0 0 0 0 0
415 16 1 1 0 0 0 10 0 0
425 10 0 0 0 0 0 2 0 0
440 10 0 0 10 0 0 0 0 0
fn=fillin_rpath
486 17 1 1 0 0 0 12 0 0
488 1 0 0 0 0 0 0 0 0
491 7 1 1 0 0 0 2 0 0
495 5 0 0 1 0 0 1 0 0
497 3 0 0 0 0 0 1 0 0
501 2 0 0 0 0 0 0 0 0
508 8 2 2 1 0 0 0 0 0
513 2 0 0 0 0 0 1 0 0
516 5 0 0 1 0 0 0 0 0
523 18 1 1 5 0 0 1 0 0
524 8 0 0 4 0 0 0 0 0
542 4 2 2 1 0 0 1 0 0
545 2 0 0 0 0 0 1 0 0
546 4 1 1 2 0 0 1 0 0
547 4 0 0 0 0 0 2 0 0
548 4 1 1 2 0 0 0 0 0
552 1 0 0 0 0 0 1 1 1
553 1 0 0 0 0 0 0 0 0
554 5 0 0 0 0 0 3 0 0
555 1 0 0 0 0 0 1 0 0
557 3 0 0 2 0 0 0 0 0
563 4 1 1 1 0 0 0 0 0
564 14 0 0 0 0 0 0 0 0
565 10 1 1 0 0 0 2 0 0
567 2 0 0 1 0 0 1 0 0
568 2 0 0 1 0 0 0 0 0
573 2 1 1 0 0 0 1 0 0
575 2 1 1 1 0 0 1 0 0
576 1 0 0 0 0 0 1 0 0
579 3 0 0 0 0 0 1 0 0
581 4 1 1 2 0 0 1 0 0
585 1 0 0 0 0 0 1 0 0
588 9 0 0 7 0 0 0 0 0
fn=open_path
2168 42 2 2 0 0 0 36 0 0
2169 6 0 0 3 0 0 3 0 0
2172 3 0 0 0 0 0 3 0 0
2173 3 1 1 0 0 0 3 0 0
2175 6 0 0 0 0 0 0 0 0
2180 24 0 0 6 0 0 0 0 0
2183 3 0 0 3 0 0 0 0 0
2187 6 0 0 0 0 0 0 0 0
2192 6 0 0 3 0 0 0 0 0
2199 15 0 0 6 0 0 6 0 0
2200 56 1 1 5 0 0 0 0 0
2203 24 1 1 12 0 0 0 0 0
2207 78 1 1 36 0 0 12 0 0
2210 6 0 0 0 0 0 0 0 0
2213 12 0 0 6 0 0 0 0 0
2216 42 1 1 24 0 0 6 0 0
2218 18 0 0 6 0 0 0 0 0
2220 8 0 0 0 0 0 0 0 0
2225 8 1 1 4 0 0 0 0 0
2226 36 0 0 16 0 0 0 0 0
2232 27 1 1 7 0 0 7 0 0
2234 24 1 1 4 0 0 4 0 0
2235 2 0 0 1 0 0 0 0 0
2237 21 1 1 4 0 0 4 0 0
2244 16 0 0 0 0 0 0 0 0
2246 6 0 0 0 0 0 0 0 0
2254 6 0 0 0 0 0 3 0 0
2282 3 0 0 0 0 0 0 0 0
2285 15 0 0 3 0 0 0 0 0
2290 3 1 1 3 0 0 0 0 0
2292 12 0 0 9 0 0 0 0 0
2295 9 0 0 3 0 0 0 0 0
2309 27 1 1 21 0 0 0 0 0
fn=open_verify
1873 12 2 2 0 0 0 8 0 0
1909 3 0 0 1 0 0 0 0 0
1930 5 0 0 1 0 0 2 0 0
1931 2 0 0 0 0 0 0 0 0
1941 1 1 1 0 0 0 1 0 0
1942 2 0 0 0 0 0 1 0 0
1947 6 0 0 1 0 0 1 0 0
1949 2 0 0 0 0 0 0 0 0
1951 3 0 0 1 0 0 1 0 0
1953 2 0 0 0 0 0 0 0 0
1959 2 1 1 0 0 0 0 0 0
1975 11 0 0 0 0 0 1 0 0
1977 1 0 0 1 0 0 0 0 0
1979 4 1 1 0 0 0 1 0 0
2006 3 1 1 2 0 0 0 0 0
2050 2 0 0 1 0 0 0 0 0
2055 2 0 0 1 0 0 0 0 0
2058 4 0 0 1 0 0 0 0 0
2063 2 1 1 1 0 0 0 0 0
2070 5 0 0 1 0 0 0 0 0
2071 4 0 0 1 0 0 0 0 0
2072 1 0 0 0 0 0 0 0 0
2087 61 0 0 0 0 0 0 0 0
2089 19 1 1 9 6 6 0 0 0
2093 4 1 1 2 0 0 0 0 0
2094 2 0 0 0 0 0 0 0 0
2103 6 1 1 0 0 0 1 0 0
2106 1 0 0 0 0 0 0 0 0
2107 3 0 0 1 0 0 0 0 0
2108 3 0 0 1 0 0 0 0 0
2110 3 0 0 0 0 0 0 0 0
2154 8 0 0 7 0 0 0 0 0
fn=open_verify.constprop.6
1871 99 2 2 0 0 0 63 2 2
1909 27 0 0 9 0 0 0 0 0
1930 45 0 0 9 0 0 18 0 0
1931 18 0 0 0 0 0 0 0 0
1941 3 0 0 0 0 0 3 0 0
1942 6 0 0 0 0 0 3 0 0
1947 18 1 1 3 0 0 3 0 0
1949 6 0 0 0 0 0 0 0 0
1951 9 0 0 3 0 0 3 0 0
1953 6 0 0 0 0 0 0 0 0
1959 6 0 0 0 0 0 0 0 0
1975 33 1 1 0 0 0 3 0 0
1977 3 0 0 3 0 0 0 0 0
1979 12 0 0 0 0 0 3 0 0
2005 2 1 1 1 0 0 0 0 0
2050 6 1 1 3 0 0 0 0 0
2055 6 0 0 3 0 0 0 0 0
2058 12 0 0 3 0 0 0 0 0
2063 6 0 0 3 0 0 0 0 0
2070 21 1 1 3 0 0 0 0 0
2071 12 0 0 3 0 0 0 0 0
2072 3 0 0 0 0 0 0 0 0
2087 160 0 0 1 0 0 0 0 0
2089 55 1 1 26 0 0 0 0 0
2093 12 1 1 6 0 0 0 0 0
2094 6 0 0 0 0 0 0 0 0
2103 30 1 1 0 0 0 5 0 0
2106 3 0 0 0 0 0 0 0 0
2107 9 0 0 3 0 0 0 0 0
2108 9 0 0 3 0 0 0 0 0
2110 9 0 0 0 0 0 0 0 0
2115 2 0 0 0 0 0 0 0 0
2116 2 0 0 0 0 0 0 0 0
2119 4 0 0 0 0 0 0 0 0
2122 6 0 0 2 0 0 0 0 0
2123 10 0 0 2 0 0 0 0 0
2124 4 0 0 2 0 0 0 0 0
2125 6 0 0 2 0 0 0 0 0
2126 12 0 0 4 0 0 0 0 0
2131 6 1 1 0 0 0 0 0 0
2154 72 1 1 63 0 0 0 0 0
fl=/build/buildd/eglibc-2.19/elf/dl-lookup.c
fn=_dl_lookup_symbol_x
475 282 0 0 0 0 0 0 0 0
476 8634 2 2 2088 127 122 141 0 0
477 7788 0 0 0 0 0 0 0 0
714 1974 1 1 0 0 0 1128 15 12
716 282 0 0 0 0 0 141 1 1
717 282 0 0 0 0 0 282 0 0
720 141 0 0 141 7 5 0 0 0
724 536 1 1 127 0 0 0 0 0
728 282 0 0 0 0 0 141 0 0
729 282 0 0 141 0 0 0 0 0
731 282 0 0 282 13 6 0 0 0
735 1180 1 1 13 0 0 282 0 0
737 1833 1 1 846 0 0 987 15 12
740 282 0 0 0 0 0 0 0 0
743 13 0 0 0 0 0 0 0 0
766 282 1 1 141 0 0 0 0 0
768 91 1 1 26 0 0 0 0 0
784 13 0 0 0 0 0 13 0 0
785 26 1 1 0 0 0 0 0 0
788 128 0 0 128 0 0 0 0 0
789 896 0 0 256 0 0 0 0 0
815 128 0 0 0 0 0 0 0 0
824 640 0 0 128 0 0 0 0 0
838 384 1 1 128 16 9 0 0 0
839 2 1 1 0 0 0 1 0 0
841 512 0 0 256 0 0 0 0 0
846 128 0 0 0 0 0 128 0 0
848 1128 0 0 987 0 0 0 0 0
fn=_dl_setup_hash
859 18 1 1 6 0 0 0 0 0
863 6 0 0 6 0 0 0 0 0
867 12 0 0 6 6 6 6 1 1
868 6 0 0 6 0 0 0 0 0
869 6 0 0 6 1 1 0 0 0
871 18 1 1 0 0 0 0 0 0
872 6 0 0 0 0 0 6 0 0
873 18 0 0 6 0 0 6 0 0
875 6 0 0 0 0 0 6 0 0
876 12 0 0 0 0 0 0 0 0
878 6 0 0 0 0 0 6 0 0
879 6 0 0 0 0 0 0 0 0
880 24 1 1 0 0 0 6 0 0
881 6 0 0 6 0 0 0 0 0
fn=check_match.9458
131 896 1 1 0 0 0 512 1 0
132 256 1 1 128 50 40 0 0 0
134 512 0 0 256 15 13 0 0 0
136 384 0 0 128 0 0 0 0 0
146 384 0 0 128 0 0 128 15 11
149 616 0 0 308 0 0 60 2 2
153 256 0 0 256 9 6 0 0 0
154 384 1 1 128 0 0 0 0 0
156 254 0 0 0 0 0 0 0 0
175 254 0 0 254 37 28 0 0 0
176 1016 1 1 381 19 10 0 0 0
177 635 1 1 254 9 4 127 0 0
204 2 1 1 0 0 0 0 0 0
206 6 0 0 2 0 0 0 0 0
207 4 0 0 1 0 0 0 0 0
222 896 0 0 640 0 0 0 0 0
fn=do_lookup_x
77 1128 1 1 423 0 0 705 10 8
82 1692 2 2 282 0 0 987 19 16
83 141 0 0 141 3 1 0 0 0
89 141 0 0 141 0 0 0 0 0
95 713 0 0 0 0 0 713 0 0
96 713 0 0 0 0 0 713 0 0
98 2139 1 1 1426 35 24 713 0 0
101 1426 0 0 0 0 0 0 0 0
105 1426 0 0 713 0 0 0 0 0
109 1426 0 0 713 34 24 0 0 0
113 1426 0 0 713 3 2 0 0 0
119 2139 1 1 713 23 14 0 0 0
123 1426 0 0 1426 61 38 0 0 0
124 2139 0 0 1426 8 5 713 0 0
225 713 0 0 713 0 0 0 0 0
226 1426 0 0 0 0 0 0 0 0
228 713 0 0 713 95 70 0 0 0
229 282 0 0 0 0 0 0 0 0
230 1426 0 0 713 0 0 0 0 0
232 564 0 0 0 0 0 0 0 0
233 2852 1 1 713 0 0 0 0 0
236 2852 0 0 0 0 0 0 0 0
237 2139 0 0 0 0 0 0 0 0
239 294 0 0 294 91 76 0 0 0
240 588 1 1 0 0 0 0 0 0
241 294 0 0 0 0 0 0 0 0
243 414 0 0 138 0 0 0 0 0
246 1340 1 1 268 98 86 0 0 0
248 1024 1 1 256 0 0 256 0 0
249 1024 0 0 0 0 0 640 0 0
250 640 0 0 384 0 0 0 0 0
253 420 0 0 0 0 0 0 0 0
257 585 0 0 0 0 0 585 0 0
281 1170 0 0 585 0 0 0 0 0
286 960 0 0 128 0 0 0 0 0
290 304 1 1 16 2 1 128 0 0
303 256 0 0 128 0 0 128 0 0
304 256 0 0 128 0 0 128 0 0
305 128 1 1 0 0 0 0 0 0
461 3264 1 1 1088 5 2 0 0 0
462 2211 0 0 804 0 0 804 6 5
465 1755 1 1 0 0 0 0 0 0
468 26 0 0 0 0 0 0 0 0
469 1128 0 0 987 0 0 0 0 0
fl=/build/buildd/eglibc-2.19/elf/dl-minimal.c
fn=__libc_memalign
51 128 1 1 0 0 0 64 2 2
52 158 0 0 63 0 0 0 0 0
57 3 0 0 0 0 0 1 0 0
58 3 1 1 1 0 0 0 0 0
59 1 0 0 0 0 0 0 0 0
63 96 1 1 0 0 0 32 0 0
64 32 0 0 0 0 0 0 0 0
66 208 0 0 0 0 0 0 0 0
70 16 0 0 4 0 0 0 0 0
71 12 1 1 0 0 0 0 0 0
77 28 0 0 0 0 0 4 0 0
79 20 0 0 8 0 0 0 0 0
83 12 0 0 0 0 0 4 0 0
86 32 0 0 0 0 0 32 0 0
87 32 0 0 0 0 0 32 0 0
89 244 0 0 96 0 0 0 0 0
fn=calloc
102 12 1 1 0 0 0 0 0 0
106 12 0 0 0 0 0 0 0 0
109 60 0 0 0 0 0 0 0 0
113 12 0 0 0 0 0 0 0 0
fn=free
119 2 0 0 0 0 0 1 0 0
121 2 1 1 1 0 0 0 0 0
128 2 0 0 2 0 0 0 0 0
fn=malloc
93 31 1 1 0 0 0 0 0 0
94 62 0 0 0 0 0 0 0 0
fn=strsep
338 8 1 1 4 0 0 0 0 0
340 4 0 0 4 0 0 0 0 0
341 8 0 0 0 0 0 0 0 0
345 317 1 1 63 0 0 0 0 0
350 244 0 0 122 0 0 0 0 0
352 366 0 0 122 0 0 0 0 0
360 61 0 0 0 0 0 0 0 0
363 2 0 0 0 0 0 2 0 0
367 4 0 0 4 0 0 0 0 0
fl=/build/buildd/eglibc-2.19/elf/dl-misc.c
fn=_dl_name_match_p
288 1350 1 1 0 0 0 540 3 3
289 1080 0 0 270 0 0 270 5 4
290 282 0 0 0 0 0 0 0 0
292 270 0 0 270 0 0 0 0 0
294 1078 0 0 0 0 0 0 0 0
295 1405 1 1 281 21 14 281 0 0
298 269 0 0 269 0 0 0 0 0
300 258 0 0 0 0 0 0 0 0
301 1350 0 0 810 0 0 0 0 0
fn=_dl_sysdep_read_whole_file
45 7 2 2 0 0 0 4 0 0
46 1 0 0 0 0 0 0 0 0
52 4 0 0 0 0 0 1 0 0
53 2 0 0 0 0 0 0 0 0
55 6 0 0 0 0 0 1 0 0
57 2 0 0 1 0 0 1 1 1
60 2 0 0 0 0 0 0 0 0
62 8 1 1 0 0 0 1 0 0
73 2 0 0 0 0 0 1 0 0
76 7 0 0 5 0 0 0 0 0
fl=/build/buildd/eglibc-2.19/elf/dl-object.c
fn=_dl_add_to_namespace_list
32 25 1 1 0 0 0 10 0 0
34 10 0 0 5 0 0 5 0 0
36 36 1 1 5 0 0 0 0 0
39 42 0 0 14 0 0 0 0 0
40 10 0 0 0 0 0 0 0 0
41 4 0 0 0 0 0 4 0 0
43 4 0 0 0 0 0 4 0 0
46 2 0 0 0 0 0 1 0 0
47 15 0 0 5 0 0 0 0 0
48 10 0 0 5 0 0 5 0 0
49 10 0 0 0 0 0 5 0 0
51 15 0 0 5 0 0 0 0 0
52 15 0 0 10 0 0 0 0 0
fn=_dl_new_object
61 70 2 2 0 0 0 50 1 1
62 25 0 0 0 0 0 5 1 1
68 60 1 1 10 0 0 0 0 0
75 25 0 0 0 0 0 10 0 0
78 10 0 0 0 0 0 0 0 0
81 5 0 0 0 0 0 5 4 4
82 10 0 0 0 0 0 5 5 5
86 10 0 0 0 0 0 5 2 2
87 25 1 1 10 0 0 10 2 2
89 5 0 0 0 0 0 5 0 0
97 25 0 0 10 0 0 5 0 0
98 30 1 1 10 5 5 5 0 0
101 10 0 0 5 0 0 0 0 0
102 11 1 1 0 0 0 5 5 5
103 5 0 0 0 0 0 5 0 0
107 5 0 0 0 0 0 5 0 0
110 47 1 1 0 0 0 0 0 0
112 32 0 0 0 0 0 16 5 5
122 10 0 0 0 0 0 5 1 1
123 5 0 0 0 0 0 5 5 5
126 5 0 0 0 0 0 0 0 0
128 30 1 1 5 0 0 0 0 0
130 12 0 0 0 0 0 4 1 1
133 11 0 0 0 0 0 0 0 0
137 12 0 0 4 0 0 0 0 0
141 27 0 0 4 0 0 0 0 0
143 1 1 1 0 0 0 0 0 0
149 1 0 0 0 0 0 1 1 1
152 10 0 0 0 0 0 5 1 1
155 25 0 0 10 0 0 0 0 0
157 20 0 0 4 0 0 8 0 0
161 20 1 1 0 0 0 0 0 0
165 12 2 2 0 0 0 4 0 0
166 16 0 0 0 0 0 0 0 0
211 16 0 0 8 0 0 4 0 0
216 142 0 0 0 0 0 0 0 0
217 154 0 0 73 0 0 0 0 0
222 8 0 0 0 0 0 4 0 0
225 8 1 1 0 0 0 4 1 1
229 40 1 1 35 0 0 0 0 0
fl=/build/buildd/eglibc-2.19/elf/dl-open.c
fn=_dl_find_dso_for_object
182 5 1 1 1 0 0 0 0 0
183 16 2 2 5 1 0 0 0 0
184 20 0 0 10 0 0 0 0 0
185 2 0 0 1 0 0 0 0 0
188 2 1 1 1 0 0 0 0 0
192 1 0 0 1 0 0 0 0 0
fl=/build/buildd/eglibc-2.19/elf/dl-reloc.c
fn=_dl_relocate_object
154 72 1 1 0 0 0 48 0 0
161 6 0 0 0 0 0 6 0 0
164 12 0 0 0 0 0 0 0 0
165 30 1 1 0 0 0 18 0 0
169 12 0 0 0 0 0 0 0 0
170 24 1 1 12 1 0 0 0 0
176 12 0 0 6 0 0 0 0 0
182 18 0 0 6 0 0 0 0 0
183 12 1 1 6 5 0 0 0 0
186 12 1 1 6 0 0 0 0 0
193 12 0 0 6 2 0 0 0 0
238 18 0 0 12 0 0 6 0 0
264 354 3 3 125 18 1 81 0 0
267 18 1 1 6 0 0 0 0 0
295 6 0 0 6 0 0 0 0 0
298 12 0 0 6 0 0 0 0 0
315 18 0 0 6 2 0 0 0 0
317 48 0 0 42 1 0 0 0 0
323 24 1 1 12 0 0 0 0 0
324 12 0 0 6 0 0 0 0 0
325 12 0 0 0 0 0 0 0 0
328 12 0 0 0 0 0 0 0 0
329 30 1 1 0 0 0 6 0 0
fl=/build/buildd/eglibc-2.19/elf/dl-tls.c
fn=_dl_add_to_slotinfo
831 8 1 1 0 0 0 6 0 0
837 4 1 1 2 0 0 0 0 0
840 2 0 0 2 1 0 0 0 0
845 10 0 0 2 1 0 0 0 0
886 2 0 0 0 0 0 2 1 0
887 6 1 1 2 1 0 2 0 0
888 8 0 0 8 0 0 0 0 0
fn=_dl_allocate_tls
295 14 1 1 7 0 0 0 0 0
296 21 0 0 0 0 0 7 0 0
297 14 0 0 0 0 0 0 0 0
300 7 0 0 0 0 0 7 0 0
306 14 0 0 0 0 0 7 0 0
459 28 1 1 0 0 0 21 0 0
460 28 0 0 0 0 0 0 0 0
463 21 0 0 21 0 0 0 0 0
fn=_dl_allocate_tls_init
376 64 2 2 0 0 0 56 0 0
377 16 0 0 0 0 0 0 0 0
381 24 0 0 16 1 0 8 0 0
383 8 0 0 0 0 0 0 0 0
384 8 0 0 0 0 0 0 0 0
389 24 0 0 8 0 0 8 0 0
394 136 2 2 16 1 1 0 0 0
400 88 0 0 0 0 0 0 0 0
403 16 2 2 16 1 1 0 0 0
404 32 0 0 0 0 0 0 0 0
410 48 0 0 16 0 0 0 0 0
412 32 0 0 0 0 0 0 0 0
413 32 0 0 16 2 2 0 0 0
422 32 2 2 16 0 0 0 0 0
423 64 0 0 32 2 1 0 0 0
425 32 0 0 0 0 0 0 0 0
426 32 2 2 16 0 0 0 0 0
434 64 0 0 16 0 0 16 1 0
435 16 0 0 0 0 0 16 0 0
436 176 0 0 64 0 0 32 0 0
450 16 2 2 8 0 0 8 0 0
452 8 0 0 8 0 0 0 0 0
453 64 2 2 56 0 0 0 0 0
fn=_dl_allocate_tls_storage
295 2 0 0 1 0 0 0 0 0
296 3 1 1 0 0 0 1 0 0
297 2 0 0 0 0 0 0 0 0
300 1 0 0 0 0 0 1 1 1
306 2 0 0 0 0 0 1 0 0
328 3 1 1 0 0 0 3 0 0
330 1 0 0 1 0 0 0 0 0
341 4 0 0 1 0 0 1 0 0
342 2 0 0 0 0 0 0 0 0
349 1 0 0 0 0 0 0 0 0
353 306 1 1 0 0 0 288 36 36
370 5 0 0 4 0 0 0 0 0
fn=_dl_determine_tlsoffset
112 7 1 1 0 0 0 6 0 0
113 2 1 1 0 0 0 0 0 0
114 1 0 0 0 0 0 0 0 0
115 1 0 0 0 0 0 0 0 0
118 3 1 1 1 0 0 0 0 0
121 2 0 0 1 0 0 0 0 0
123 1 0 0 0 0 0 0 0 0
155 1 0 0 0 0 0 0 0 0
157 16 0 0 3 1 1 0 0 0
159 5 0 0 1 0 0 0 0 0
161 6 0 0 2 0 0 0 0 0
162 4 1 1 2 1 0 0 0 0
164 4 0 0 0 0 0 0 0 0
166 10 0 0 2 0 0 0 0 0
168 4 1 1 0 0 0 0 0 0
182 16 1 1 0 0 0 0 0 0
184 6 0 0 0 0 0 0 0 0
185 2 0 0 0 0 0 0 0 0
188 6 0 0 0 0 0 0 0 0
194 2 0 0 0 0 0 2 0 0
197 4 0 0 0 0 0 1 0 0
198 1 0 0 0 0 0 1 0 0
249 1 0 0 0 0 0 1 0 0
250 8 0 0 7 0 0 0 0 0
fn=_dl_get_tls_static_info
320 2 1 1 1 0 0 1 0 0
321 3 0 0 2 0 0 1 0 0
fn=_dl_next_tls_modid
50 2 1 1 0 0 0 0 0 0
53 6 0 0 4 0 0 0 0 0
101 4 0 0 0 0 0 2 0 0
105 4 0 0 2 0 0 0 0 0
fl=/build/buildd/eglibc-2.19/elf/dl-tsd.c
fn=__libc_dl_error_tsd
48 2 0 0 2 1 0 0 0 0
49 1 0 0 1 0 0 0 0 0
fl=/build/buildd/eglibc-2.19/elf/dl-version.c
fn=_dl_check_all_versions
380 6 1 1 0 0 0 4 0 0
382 2 0 0 0 0 0 0 0 0
384 22 1 1 6 0 0 0 0 0
385 6 1 1 0 0 0 0 0 0
386 60 0 0 6 0 0 6 0 0
389 7 0 0 5 0 0 0 0 0
fn=_dl_check_map_versions
56 103 0 0 14 0 0 0 0 0
57 27 0 0 27 0 0 0 0 0
58 177 1 1 0 0 0 34 0 0
174 66 1 1 0 0 0 48 0 0
175 2 0 0 0 0 0 0 0 0
183 2 1 1 0 0 0 0 0 0
189 18 0 0 6 0 0 0 0 0
191 12 0 0 6 0 0 6 0 0
193 12 0 0 6 0 0 6 0 0
194 12 1 1 6 0 0 6 0 0
196 12 0 0 0 0 0 0 0 0
199 16 0 0 12 0 0 4 0 0
203 24 0 0 8 3 3 0 0 0
220 21 1 1 21 0 0 0 0 0
228 21 0 0 7 0 0 0 0 0
233 49 0 0 14 0 0 0 0 0
237 350 2 2 206 7 7 44 0 0
244 88 0 0 22 0 0 0 0 0
247 73 0 0 22 0 0 0 0 0
252 15 0 0 0 0 0 0 0 0
256 28 0 0 14 0 0 0 0 0
261 3 0 0 3 0 0 0 0 0
262 3 0 0 0 0 0 0 0 0
270 18 1 1 6 0 0 0 0 0
273 12 0 0 8 0 0 0 0 0
276 188 0 0 47 0 0 0 0 0
279 141 0 0 47 2 2 0 0 0
283 43 0 0 0 0 0 0 0 0
287 12 0 0 0 0 0 0 0 0
292 5 0 0 0 0 0 5 1 0
293 20 0 0 0 0 0 5 0 0
294 10 0 0 0 0 0 0 0 0
302 5 1 1 0 0 0 5 0 0
305 15 0 0 10 0 0 5 0 0
307 15 0 0 5 0 0 0 0 0
310 16 0 0 12 0 0 0 0 0
314 21 0 0 7 0 0 0 0 0
317 66 0 0 22 0 0 0 0 0
319 66 1 1 0 0 0 0 0 0
321 110 0 0 22 0 0 22 0 0
322 66 0 0 0 0 0 22 9 9
323 66 0 0 22 0 0 22 1 1
324 66 0 0 22 0 0 22 2 2
327 66 0 0 22 0 0 0 0 0
332 15 0 0 0 0 0 0 0 0
335 21 1 1 7 0 0 0 0 0
340 3 0 0 0 0 0 0 0 0
341 3 0 0 0 0 0 0 0 0
345 15 0 0 5 0 0 0 0 0
348 16 0 0 12 0 0 0 0 0
352 47 0 0 47 0 0 0 0 0
354 94 0 0 47 0 0 0 0 0
358 43 0 0 43 0 0 0 0 0
359 215 0 0 43 0 0 43 12 12
360 129 0 0 43 0 0 43 0 0
361 43 0 0 0 0 0 43 5 5
364 141 0 0 47 0 0 0 0 0
368 43 0 0 0 0 0 0 0 0
373 11 1 1 0 0 0 0 0 0
374 48 1 1 42 0 0 0 0 0
fn=match_symbol
76 286 1 1 0 0 0 176 0 0
77 44 0 0 44 0 0 0 0 0
85 44 1 1 22 0 0 0 0 0
91 66 0 0 22 0 0 0 0 0
106 22 0 0 22 1 0 0 0 0
107 44 0 0 0 0 0 0 0 0
109 22 0 0 22 0 0 0 0 0
114 322 0 0 161 16 16 0 0 0
128 322 1 1 161 4 4 0 0 0
130 22 1 1 22 0 0 0 0 0
133 132 0 0 22 1 1 22 0 0
140 417 0 0 139 3 3 0 0 0
144 139 0 0 0 0 0 0 0 0
168 176 0 0 154 0 0 0 0 0
fl=/build/buildd/eglibc-2.19/elf/do-rel.h
fn=_dl_relocate_object
47 24 0 0 12 0 0 0 0 0
48 12 0 0 12 0 0 0 0 0
50 5 0 0 0 0 0 0 0 0
51 5 0 0 0 0 0 5 1 0
58 36 0 0 12 1 0 0 0 0
61 461 1 1 0 0 0 0 0 0
63 441 1 1 147 56 56 0 0 0
65 17 0 0 0 0 0 0 0 0
74 10 0 0 0 0 0 0 0 0
75 33 1 1 13 0 0 0 0 0
76 10 0 0 5 0 0 0 0 0
83 14 0 0 7 0 0 7 0 0
84 7 1 1 7 0 0 0 0 0
86 14 0 0 0 0 0 0 0 0
98 21 1 1 0 0 0 0 0 0
108 13 1 1 1 1 1 0 0 0
111 3800 0 0 0 0 0 0 0 0
112 2524 0 0 1262 1 0 0 0 0
118 21 0 0 7 6 0 0 0 0
121 12 0 0 6 3 0 6 1 0
124 380 0 0 121 0 0 0 0 0
127 464 0 0 116 31 28 0 0 0
136 348 0 0 232 45 40 0 0 0
137 662 0 0 116 0 0 116 1 0
138 215 0 0 116 1 0 0 0 0
139 232 1 1 116 0 0 0 0 0
143 10 0 0 0 0 0 0 0 0
160 23 2 2 5 0 0 4 0 0
162 20 1 1 5 2 2 0 0 0
170 25 0 0 5 0 0 5 0 0
171 10 0 0 10 0 0 0 0 0
174 5 0 0 2 0 0 0 0 0
fn=_dl_start
83 1 0 0 1 0 0 0 0 0
84 1 0 0 1 0 0 0 0 0
111 33 0 0 0 0 0 0 0 0
112 20 0 0 10 3 3 0 0 0
116 2 1 1 1 0 0 0 0 0
124 31 0 0 0 0 0 0 0 0
137 45 1 1 9 2 2 0 0 0
139 18 0 0 9 0 0 0 0 0
fl=/build/buildd/eglibc-2.19/elf/get-dynamic-info.h
fn=_dl_map_object_from_fd
38 8 0 0 0 0 0 0 0 0
42 4 0 0 0 0 0 0 0 0
44 321 0 0 107 29 29 0 0 0
46 206 0 0 0 0 0 0 0 0
51 104 1 1 0 0 0 0 0 0
52 170 0 0 0 0 0 99 24 24
53 16 0 0 0 0 0 0 0 0
55 4 0 0 0 0 0 0 0 0
56 20 1 1 0 0 0 0 0 0
58 4 0 0 0 0 0 0 0 0
59 20 1 1 0 0 0 0 0 0
60 4 0 0 0 0 0 0 0 0
61 16 0 0 0 0 0 4 0 0
62 103 0 0 0 0 0 0 0 0
69 8 0 0 0 0 0 0 0 0
89 14 0 0 6 0 0 0 0 0
90 16 1 1 8 0 0 0 0 0
91 16 0 0 8 0 0 0 0 0
92 16 0 0 8 0 0 0 0 0
94 16 0 0 8 0 0 0 0 0
99 16 1 1 8 0 0 0 0 0
100 15 0 0 7 1 1 0 0 0
101 16 0 0 8 0 0 0 0 0
107 12 0 0 4 0 0 0 0 0
112 8 1 1 4 0 0 0 0 0
119 8 0 0 4 0 0 0 0 0
120 12 0 0 8 0 0 0 0 0
136 12 0 0 4 0 0 0 0 0
141 6 0 0 3 0 0 3 1 1
143 6 0 0 0 0 0 0 0 0
145 6 0 0 0 0 0 0 0 0
147 6 0 0 0 0 0 0 0 0
150 12 1 1 4 0 0 0 0 0
152 4 0 0 2 0 0 2 0 0
160 4 0 0 2 0 0 0 0 0
161 4 1 1 0 0 0 0 0 0
165 4 0 0 0 0 0 0 0 0
168 8 0 0 4 0 0 0 0 0
fn=_dl_start
44 57 1 1 19 6 6 0 0 0
46 36 0 0 0 0 0 0 0 0
47 26 0 0 0 0 0 13 3 3
51 21 0 0 0 0 0 0 0 0
52 18 2 2 0 0 0 4 2 2
53 4 1 1 0 0 0 0 0 0
55 1 0 0 0 0 0 0 0 0
56 5 1 1 0 0 0 0 0 0
58 2 0 0 0 0 0 0 0 0
59 5 1 1 0 0 0 0 0 0
60 1 0 0 0 0 0 0 0 0
61 5 0 0 0 0 0 1 1 1
62 18 0 0 0 0 0 0 0 0
69 2 0 0 0 0 0 0 0 0
89 4 0 0 2 0 0 0 0 0
90 4 0 0 2 0 0 0 0 0
91 4 1 1 2 0 0 0 0 0
92 4 0 0 2 0 0 0 0 0
94 4 0 0 2 0 0 0 0 0
99 4 0 0 2 0 0 0 0 0
100 4 1 1 2 0 0 0 0 0
101 4 0 0 2 0 0 0 0 0
107 3 0 0 1 0 0 0 0 0
112 2 0 0 1 0 0 0 0 0
119 3 0 0 1 0 0 0 0 0
120 3 1 1 2 0 0 0 0 0
128 3 0 0 1 0 0 0 0 0
130 3 0 0 1 1 1 0 0 0
133 2 1 1 1 0 0 0 0 0
134 2 0 0 1 0 0 0 0 0
fn=dl_main
29 1 0 0 1 0 0 0 0 0
38 2 0 0 0 0 0 0 0 0
42 1 0 0 0 0 0 0 0 0
44 78 0 0 26 7 7 0 0 0
46 50 1 1 0 0 0 0 0 0
51 17 1 1 0 0 0 0 0 0
52 35 0 0 0 0 0 24 5 5
53 4 0 0 0 0 0 0 0 0
55 1 0 0 0 0 0 0 0 0
56 5 1 1 0 0 0 0 0 0
58 1 0 0 0 0 0 0 0 0
59 5 0 0 0 0 0 0 0 0
60 1 0 0 0 0 0 0 0 0
61 4 1 1 0 0 0 1 0 0
62 25 0 0 0 0 0 0 0 0
69 3 1 1 1 0 0 0 0 0
107 3 2 2 1 0 0 0 0 0
112 2 0 0 1 0 0 0 0 0
119 2 0 0 1 0 0 0 0 0
120 3 0 0 2 0 0 0 0 0
136 3 0 0 1 0 0 0 0 0
150 3 1 1 1 0 0 0 0 0
168 2 1 1 1 0 0 0 0 0
fl=/build/buildd/eglibc-2.19/elf/rtld.c
fn=_dl_initial_error_catch_tsd
798 22 0 0 11 0 0 0 0 0
fn=_dl_start
285 75 4 4 8 1 1 8 2 2
297 2 0 0 0 0 0 1 0 0
298 2 0 0 0 0 0 1 0 0
299 2 0 0 0 0 0 1 0 0
300 2 1 1 0 0 0 1 1 1
301 2 0 0 0 0 0 1 0 0
322 5 0 0 0 0 0 1 0 0
326 1 0 0 0 0 0 1 0 0
332 4 1 0 0 0 0 1 0 0
341 4 1 0 0 0 0 0 0 0
344 2 0 0 1 1 0 1 1 0
348 2 0 0 1 0 0 0 0 0
362 9 2 2 0 0 0 6 0 0
380 5 0 0 0 0 0 1 1 1
406 1 0 0 0 0 0 1 1 1
409 1 0 0 0 0 0 1 1 1
537 2 0 0 0 0 0 0 0 0
542 34 3 3 9 0 0 0 0 0
544 1 0 0 1 1 1 0 0 0
569 9 0 0 7 1 0 0 0 0
fn=dl_main
891 12 1 1 0 0 0 8 1 1
897 1 0 0 0 0 0 0 0 0
899 2 0 0 0 0 0 0 0 0
900 1 0 0 0 0 0 0 0 0
906 1 0 0 0 0 0 1 0 0
910 2 0 0 0 0 0 1 0 0
913 2 0 0 0 0 0 1 1 1
917 2 0 0 0 0 0 1 1 1
918 2 0 0 0 0 0 1 0 0
923 2 1 1 0 0 0 1 0 0
933 4 2 2 2 0 0 0 0 0
1132 8 1 1 0 0 0 1 0 0
1134 2 0 0 0 0 0 0 0 0
1135 1 0 0 0 0 0 1 1 1
1136 2 1 1 1 0 0 1 0 0
1137 3 0 0 2 0 0 1 0 0
1141 3 0 0 0 0 0 1 0 0
1142 2 0 0 1 0 0 0 0 0
1163 1 0 0 0 0 0 1 0 0
1164 1 0 0 0 0 0 1 0 0
1166 1 0 0 0 0 0 1 0 0
1168 1 1 1 1 0 0 0 0 0
1171 36 1 1 3 0 0 0 0 0
1172 71 1 1 9 5 5 0 0 0
1176 3 1 1 1 0 0 1 0 0
1177 1 0 0 0 0 0 0 0 0
1181 3 1 1 2 0 0 1 0 0
1182 1 0 0 0 0 0 0 0 0
1190 1 0 0 0 0 0 1 1 1
1191 2 1 1 2 1 1 0 0 0
1193 2 1 1 0 0 0 1 0 0
1200 3 0 0 1 0 0 0 0 0
1218 1 0 0 0 0 0 0 0 0
1226 4 0 0 2 0 0 0 0 0
1227 10 2 2 3 1 1 0 0 0
1228 4 0 0 2 0 0 0 0 0
1229 1 0 0 0 0 0 1 0 0
1232 4 0 0 2 1 1 0 0 0
1233 4 0 0 2 0 0 0 0 0
1234 2 0 0 0 0 0 2 0 0
1235 6 0 0 3 0 0 0 0 0
1236 2 0 0 0 0 0 1 0 0
1263 2 1 1 1 0 0 1 1 1
1264 1 0 0 0 0 0 0 0 0
1267 2 0 0 1 0 0 1 0 0
1268 2 0 0 1 0 0 1 0 0
1269 1 0 0 0 0 0 0 0 0
1274 3 0 0 1 1 1 0 0 0
1277 2 0 0 0 0 0 0 0 0
1279 2 0 0 0 0 0 0 0 0
1281 2 1 1 1 0 0 0 0 0
1294 3 0 0 1 0 0 0 0 0
1295 11 1 1 6 0 0 2 0 0
1300 1 0 0 0 0 0 1 0 0
1302 1 0 0 0 0 0 1 1 1
1303 1 0 0 0 0 0 1 0 0
1305 2 0 0 1 0 0 0 0 0
1306 2 1 1 0 0 0 1 0 0
1310 2 0 0 1 0 0 0 0 0
1312 2 0 0 0 0 0 0 0 0
1317 2 0 0 0 0 0 1 0 0
1320 4 1 1 0 0 0 1 0 0
1336 3 2 2 0 0 0 1 0 0
1342 9 1 1 1 0 0 2 0 0
1347 2 1 1 1 0 0 1 0 0
1350 4 1 1 1 0 0 2 0 0
1352 1 0 0 0 0 0 1 0 0
1357 2 0 0 1 0 0 0 0 0
1360 3 0 0 2 0 0 1 0 0
1361 4 1 1 1 0 0 1 0 0
1362 2 0 0 0 0 0 1 0 0
1363 1 0 0 0 0 0 1 0 0
1364 1 0 0 1 0 0 0 0 0
1365 1 0 0 1 0 0 0 0 0
1370 2 0 0 1 0 0 0 0 0
1371 5 0 0 1 0 0 1 0 0
1375 1 1 1 1 0 0 0 0 0
1377 4 0 0 1 0 0 0 0 0
1378 2 0 0 0 0 0 1 0 0
1379 4 0 0 1 1 1 1 0 0
1384 2 0 0 0 0 0 0 0 0
1385 6 1 1 1 1 1 0 0 0
1387 2 0 0 1 0 0 1 1 1
1388 2 0 0 1 0 0 1 0 0
1393 2 0 0 1 1 1 0 0 0
1398 3 1 1 1 0 0 0 0 0
1579 3 0 0 1 0 0 0 0 0
1582 2 0 0 1 0 0 1 0 0
1586 3 0 0 1 0 0 0 0 0
1591 2 1 1 1 0 0 1 0 0
1592 1 0 0 0 0 0 1 0 0
1597 3 0 0 1 0 0 0 0 0
1612 3 0 0 2 0 0 0 0 0
1614 1 0 0 0 0 0 0 0 0
1616 3 1 1 1 0 0 0 0 0
1623 11 2 2 0 0 0 3 0 0
1626 6 0 0 0 0 0 0 0 0
1629 12 1 1 0 0 0 2 0 0
1630 2 0 0 1 0 0 0 0 0
1631 3 0 0 1 0 0 0 0 0
1633 6 0 0 0 0 0 1 0 0
1635 4 0 0 0 0 0 0 0 0
1636 2 0 0 1 0 0 0 0 0
1637 3 0 0 0 0 0 1 0 0
1647 5 0 0 0 0 0 1 0 0
1724 4 0 0 2 0 0 0 0 0
1728 8 2 2 0 0 0 0 0 0
1729 1 0 0 0 0 0 0 0 0
1732 2 0 0 0 0 0 1 0 0
1733 1 0 0 1 0 0 0 0 0
1734 2 0 0 0 0 0 0 0 0
1735 2 0 0 0 0 0 0 0 0
1741 5 1 1 0 0 0 0 0 0
1742 8 0 0 0 0 0 1 0 0
1743 4 0 0 0 0 0 0 0 0
1745 2 0 0 1 0 0 0 0 0
1748 17 1 1 2 0 0 0 0 0
1749 24 0 0 12 0 0 0 0 0
1752 3 0 0 2 0 0 1 0 0
1753 3 0 0 1 0 0 0 0 0
1754 1 0 0 0 0 0 1 0 0
1756 20 1 1 0 0 0 0 0 0
1757 13 0 0 6 0 0 0 0 0
1767 2 1 1 0 0 0 1 0 0
1769 2 1 1 1 0 0 1 0 0
1770 2 1 1 1 1 0 0 0 0
1772 3 0 0 0 0 0 1 0 0
1774 3 0 0 0 0 0 0 0 0
1776 3 0 0 1 0 0 0 0 0
1777 1 0 0 1 0 0 0 0 0
1788 3 1 1 0 0 0 0 0 0
1790 2 1 1 0 0 0 0 0 0
1791 2 0 0 0 0 0 1 0 0
1792 3 0 0 1 0 0 0 0 0
1803 4 0 0 0 0 0 1 0 0
1804 1 0 0 0 0 0 1 1 0
1805 5 1 1 0 0 0 1 0 0
1815 2 0 0 1 0 0 1 0 0
1816 2 0 0 1 0 0 0 0 0
1817 2 1 1 0 0 0 2 0 0
1819 2 0 0 1 0 0 0 0 0
1822 1 0 0 0 0 0 1 0 0
1824 2 0 0 1 0 0 0 0 0
2054 3 0 0 1 0 0 0 0 0
2110 2 2 2 0 0 0 1 0 0
2114 4 0 0 2 0 0 2 0 0
2118 2 0 0 1 0 0 1 0 0
2121 2 0 0 0 0 0 0 0 0
2129 2 0 0 0 0 0 0 0 0
2140 1 1 1 1 0 0 0 0 0
2175 3 1 1 1 0 0 0 0 0
2182 1 0 0 1 0 0 0 0 0
2184 11 1 1 1 0 0 1 0 0
2186 17 1 1 1 1 0 0 0 0
2188 18 0 0 12 2 0 0 0 0
2193 12 0 0 12 0 0 0 0 0
2195 14 1 1 0 0 0 0 0 0
2197 1 1 1 0 0 0 1 0 0
2198 1 0 0 1 0 0 0 0 0
2201 6 0 0 6 0 0 0 0 0
2203 18 0 0 0 0 0 0 0 0
2204 40 0 0 10 4 0 5 0 0
2208 22 0 0 8 2 0 0 0 0
2209 6 0 0 0 0 0 2 0 0
2211 4 0 0 0 0 0 0 0 0
2213 2 0 0 0 0 0 1 0 0
2219 2 0 0 1 0 0 0 0 0
2224 4 1 1 2 0 0 0 0 0
2225 1 0 0 1 0 0 0 0 0
2230 2 1 1 1 0 0 1 0 0
2234 2 0 0 1 0 0 0 0 0
2248 3 0 0 2 1 0 0 0 0
2250 4 2 2 1 0 0 0 0 0
2265 5 1 1 0 0 0 0 0 0
2267 1 0 0 1 0 0 0 0 0
2268 5 0 0 1 0 0 1 0 0
2269 4 0 0 0 0 0 0 0 0
2271 3 0 0 1 0 0 0 0 0
2279 1 0 0 0 0 0 1 0 0
2283 3 0 0 1 0 0 0 0 0
2303 3 0 0 0 0 0 1 0 0
2304 1 0 0 0 0 0 1 0 0
2305 1 0 0 0 0 0 1 0 0
2310 1 0 0 0 0 0 1 0 0
2315 8 0 0 7 1 0 0 0 0
2485 2 0 0 1 0 0 1 1 1
2487 1 0 0 0 0 0 0 0 0
2488 1 0 0 0 0 0 0 0 0
2492 13 2 2 1 0 0 4 1 1
2494 15 0 0 3 0 0 3 1 1
2498 105 1 1 21 0 0 0 0 0
2499 19 0 0 0 0 0 0 0 0
2501 4 0 0 0 0 0 0 0 0
2507 16 0 0 2 0 0 0 0 0
2530 6 1 1 0 0 0 1 0 0
2537 6 1 1 0 0 0 1 0 0
2539 3 1 1 0 0 0 1 0 0
2583 6 1 1 0 0 0 1 0 0
2585 3 1 1 0 0 0 1 0 0
2660 3 1 1 1 0 0 0 0 0
2693 3 0 0 1 0 0 0 0 0
fn=do_preload
804 6 0 0 0 0 0 3 0 0
806 1 0 0 0 0 0 1 0 0
810 1 0 0 0 0 0 1 0 0
811 1 1 1 0 0 0 1 0 0
812 1 0 0 0 0 0 1 0 0
814 1 0 0 1 0 0 0 0 0
816 6 0 0 0 0 0 1 0 0
817 3 0 0 1 0 0 0 0 0
825 3 1 1 1 0 0 0 0 0
831 5 0 0 4 0 0 0 0 0
fn=init_tls
717 1 0 0 0 0 0 1 0 0
719 2 0 0 1 0 0 1 0 0
723 2 0 0 1 0 0 0 0 0
724 1 1 1 0 0 0 0 0 0
729 2 0 0 0 0 0 1 0 0
732 1 0 0 0 0 0 1 0 0
733 4 0 0 0 0 0 1 0 0
738 1 0 0 0 0 0 0 0 0
740 1 0 0 0 0 0 1 0 0
744 2 1 1 1 1 1 0 0 0
745 1 0 0 0 0 0 0 0 0
746 15 1 1 1 0 0 0 0 0
747 12 0 0 6 0 0 0 0 0
748 12 0 0 6 2 0 0 0 0
752 6 0 0 0 0 0 2 0 0
754 2 0 0 0 0 0 0 0 0
756 3 0 0 0 0 0 0 0 0
759 1 1 1 0 0 0 1 0 0
766 2 0 0 0 0 0 1 0 0
767 2 0 0 0 0 0 0 0 0
773 2 1 1 1 0 0 1 0 0
781 7 0 0 0 0 0 2 0 0
785 1 1 1 0 0 0 1 0 0
787 1 0 0 0 0 0 0 0 0
788 2 0 0 2 0 0 0 0 0
fn=map_doit
625 2 1 1 0 0 0 1 0 0
627 8 1 1 3 0 0 2 0 0
629 2 0 0 2 0 0 0 0 0
fn=rtld_lock_default_lock_recursive
838 10 1 1 10 1 1 0 0 0
fn=rtld_lock_default_unlock_recursive
844 10 1 1 10 0 0 0 0 0
fn=security_init
851 2 0 0 0 0 0 1 0 0
853 1 0 0 1 0 0 0 0 0
855 1 0 0 0 0 0 1 0 0
861 2 0 0 1 0 0 0 0 0
863 1 0 0 1 0 0 0 0 0
866 1 1 1 0 0 0 1 0 0
868 1 0 0 0 0 0 1 0 0
874 1 0 0 0 0 0 1 0 0
875 3 0 0 2 0 0 0 0 0
fn=version_check_doit
657 2 1 1 0 0 0 1 0 0
659 6 0 0 2 0 0 1 0 0
663 2 0 0 2 0 0 0 0 0
fl=/build/buildd/eglibc-2.19/elf/setup-vdso.h
fn=dl_main
24 2 0 0 1 0 0 0 0 0
fl=/build/buildd/eglibc-2.19/io/../sysdeps/unix/syscall-template.S
fn=access
81 20 1 1 0 0 0 0 0 0
83 25 1 1 5 0 0 5 1 1
fn=close
81 20 1 1 0 0 0 0 0 0
82 5 0 0 5 0 0 0 0 0
fn=open
81 44 1 1 0 0 0 0 0 0
82 5 0 0 5 0 0 0 0 0
83 30 0 0 6 0 0 6 0 0
fn=read
81 16 0 0 0 0 0 0 0 0
82 4 0 0 4 0 0 0 0 0
fl=/build/buildd/eglibc-2.19/io/../sysdeps/unix/sysv/linux/wordsize-64/fxstat.c
fn=_fxstat
33 5 0 0 0 0 0 0 0 0
34 10 1 1 0 0 0 0 0 0
35 30 0 0 0 0 0 0 0 0
39 5 0 0 5 0 0 0 0 0
fl=/build/buildd/eglibc-2.19/io/../sysdeps/unix/sysv/linux/wordsize-64/xstat.c
fn=_xstat
33 4 0 0 0 0 0 0 0 0
34 8 1 1 0 0 0 0 0 0
35 36 0 0 3 0 0 3 0 0
39 1 0 0 1 0 0 0 0 0
fl=/build/buildd/eglibc-2.19/malloc/arena.c
fn=malloc_hook_ini
373 3 1 1 1 1 1 0 0 0
fn=memalign_hook_ini
373 3 0 0 1 0 0 0 0 0
fn=ptmalloc_init.part.7
334 195 0 0 65 9 0 0 0 0
336 128 0 0 64 31 0 0 0 0
337 2 0 0 1 0 0 0 0 0
338 2 0 0 1 0 0 0 0 0
352 64 0 0 0 0 0 0 0 0
371 6 1 1 0 0 0 5 0 0
376 1 0 0 0 0 0 1 0 0
384 2 0 0 1 0 0 0 0 0
385 7 2 2 0 0 0 1 0 0
386 4 0 0 2 1 0 0 0 0
391 3 1 1 1 1 0 1 1 0
392 12 1 1 1 1 0 6 2 2
394 5 0 0 2 1 0 0 0 0
410 2 1 1 0 0 0 0 0 0
455 2 0 0 0 0 0 0 0 0
461 2 0 0 2 1 1 0 0 0
462 2 0 0 0 0 0 0 0 0
464 1 0 0 0 0 0 1 1 0
465 7 0 0 6 1 0 0 0 0
fn=realloc_hook_ini
373 3 0 0 1 1 1 0 0 0
fl=/build/buildd/eglibc-2.19/malloc/hooks.c
fn=malloc_hook_ini
29 4 0 0 1 0 0 2 0 0
30 2 1 1 1 0 0 1 0 0
32 1 0 0 0 0 0 0 0 0
33 1 0 0 0 0 0 0 0 0
fn=memalign_hook_ini
46 1 1 1 0 0 0 0 0 0
47 2 0 0 1 0 0 1 0 0
50 1 0 0 0 0 0 0 0 0
fn=realloc_hook_ini
38 2 0 0 1 0 0 1 0 0
39 2 1 1 1 0 0 1 0 0
41 1 0 0 0 0 0 0 0 0
fl=/build/buildd/eglibc-2.19/malloc/malloc.c
fn=_int_malloc
1862 54 0 0 18 6 6 0 0 0
2271 40 0 0 16 12 10 16 0 0
2272 2 1 1 0 0 0 0 0 0
2282 37 0 0 22 11 11 0 0 0
2297 35 0 0 14 0 0 0 0 0
2303 14 0 0 0 0 0 0 0 0
2305 56 2 2 0 0 0 14 5 5
2307 21 0 0 7 0 0 0 0 0
2322 21 0 0 0 0 0 0 0 0
2337 21 0 0 0 0 0 7 7 7
2342 21 1 1 14 0 0 0 0 0
2343 35 0 0 14 0 0 0 0 0
2346 21 0 0 14 0 0 0 0 0
2347 35 1 1 14 0 0 0 0 0
2360 1 0 0 0 0 0 0 0 0
2369 4 2 2 0 0 0 0 0 0
2378 3 1 1 0 0 0 0 0 0
2433 2 1 1 1 0 0 0 0 0
2442 5 0 0 1 0 0 0 0 0
2452 9 1 1 1 0 0 2 0 0
2460 2 0 0 0 0 0 0 0 0
2462 6 0 0 3 1 0 2 0 0
2466 5 0 0 2 0 0 0 0 0
2469 2 1 1 2 0 0 0 0 0
2470 2 0 0 0 0 0 0 0 0
2489 1 0 0 0 0 0 0 0 0
2516 2 0 0 1 1 1 0 0 0
2517 1 0 0 0 0 0 1 0 0
2518 3 0 0 1 0 0 1 0 0
2524 2 1 1 0 0 0 0 0 0
2527 8 3 3 1 0 0 0 0 0
2569 6 2 2 0 0 0 0 0 0
2588 1 0 0 0 0 0 0 0 0
2591 2 0 0 0 0 0 0 0 0
2592 7 1 1 2 0 0 0 0 0
2594 2 0 0 0 0 0 0 0 0
2595 4 0 0 2 0 0 2 0 0
2607 3 0 0 1 0 0 0 0 0
2615 2 1 1 2 0 0 0 0 0
2616 3 0 0 1 0 0 0 0 0
2654 1 0 0 0 0 0 1 0 0
2655 5 0 0 0 0 0 1 1 1
2656 2 0 0 0 0 0 1 0 0
2667 2 1 1 0 0 0 0 0 0
2700 2 1 1 1 0 0 0 0 0
2701 1 1 1 0 0 0 1 0 0
2706 2 0 0 1 0 0 0 0 0
2709 2 0 0 1 0 0 0 0 0
2711 1 0 0 0 0 0 0 0 0
2712 1 0 0 0 0 0 0 0 0
2713 1 0 0 0 0 0 1 0 0
2714 8 0 0 0 0 0 1 0 0
2715 2 0 0 0 0 0 1 1 1
2717 1 0 0 0 0 0 0 0 0
3302 144 1 1 0 0 0 126 11 10
3332 180 0 0 0 0 0 0 0 0
3340 36 1 1 18 6 6 0 0 0
3342 3 0 0 0 0 0 0 0 0
3343 3 0 0 0 0 0 0 0 0
3344 1 0 0 1 0 0 0 0 0
3348 2 0 0 0 0 0 0 0 0
3377 36 2 2 0 0 0 0 0 0
3379 20 0 0 0 0 0 0 0 0
3380 20 0 0 0 0 0 0 0 0
3382 30 0 0 10 4 4 0 0 0
3384 2 0 0 0 0 0 0 0 0
3421 167 4 4 0 0 0 0 0 0
3422 16 0 0 8 0 0 0 0 0
3423 4 1 1 1 0 0 2 0 0
3442 90 1 1 18 5 5 0 0 0
3576 36 1 1 0 0 0 0 0 0
3578 16 1 1 0 0 0 0 0 0
3581 24 0 0 8 6 6 0 0 0
3649 18 0 0 0 0 0 0 0 0
3650 36 0 0 0 0 0 0 0 0
3651 36 0 0 0 0 0 0 0 0
3652 36 0 0 18 5 5 0 0 0
3653 36 0 0 0 0 0 0 0 0
3658 108 1 1 0 0 0 0 0 0
3662 137 1 1 0 0 0 0 0 0
3665 124 0 0 31 1 0 0 0 0
3765 18 0 0 18 5 5 0 0 0
3766 54 0 0 18 5 5 0 0 0
3768 54 1 1 0 0 0 0 0 0
3770 10 0 0 0 0 0 0 0 0
3771 10 0 0 0 0 0 0 0 0
3772 10 0 0 0 0 0 10 0 0
3773 80 2 2 0 0 0 10 0 0
3775 20 0 0 0 0 0 10 10 10
3778 10 0 0 0 0 0 0 0 0
3785 16 0 0 8 0 0 0 0 0
3790 72 0 0 0 0 0 18 0 0
3792 450 1 1 0 0 0 180 5 5
3801 16 0 0 0 0 0 0 0 0
3806 162 1 1 126 0 0 0 0 0
4990 72 0 0 0 0 0 36 0 0
4992 54 2 2 18 0 0 18 0 0
5000 8 1 1 0 0 0 8 0 0
fn=_int_memalign
4379 42 0 0 0 0 0 35 5 5
4393 63 1 1 0 0 0 0 0 0
4403 21 1 1 0 0 0 7 0 0
4405 14 0 0 0 0 0 0 0 0
4408 7 0 0 0 0 0 0 0 0
4410 28 0 0 0 0 0 0 0 0
4419 35 0 0 0 0 0 0 0 0
4421 14 0 0 0 0 0 0 0 0
4422 21 1 1 0 0 0 0 0 0
4425 14 0 0 0 0 0 0 0 0
4426 28 0 0 7 0 0 0 0 0
4429 14 0 0 0 0 0 0 0 0
4431 14 1 1 7 0 0 7 0 0
4432 14 0 0 0 0 0 7 0 0
4433 7 0 0 0 0 0 0 0 0
4465 42 0 0 42 0 0 0 0 0
fn=_mid_memalign
3060 40 1 1 0 0 0 24 0 0
3065 16 0 0 16 10 9 0 0 0
3066 16 0 0 0 0 0 0 0 0
3067 1 0 0 0 0 0 0 0 0
3070 14 0 0 0 0 0 0 0 0
3074 14 1 1 0 0 0 0 0 0
3079 35 0 0 0 0 0 0 0 0
3086 14 0 0 0 0 0 0 0 0
3094 21 0 0 0 0 0 0 0 0
3102 73 2 2 28 19 19 0 0 0
3106 35 0 0 0 0 0 7 0 0
3107 14 0 0 0 0 0 0 0 0
3118 31 0 0 17 0 0 0 0 0
3119 28 1 1 7 0 0 0 0 0
3122 31 1 1 31 0 0 0 0 0
fn=calloc
3161 35 1 1 0 0 0 28 0 0
3171 14 0 0 0 0 0 0 0 0
3174 35 1 1 0 0 0 0 0 0
3184 14 0 0 14 0 0 0 0 0
3185 14 0 0 0 0 0 0 0 0
3197 77 1 1 28 1 0 0 0 0
3204 7 0 0 7 0 0 0 0 0
3205 14 0 0 7 0 0 0 0 0
3212 21 0 0 0 0 0 0 0 0
3219 28 1 1 0 0 0 7 0 0
3222 70 1 1 7 0 0 0 0 0
3238 35 0 0 21 0 0 0 0 0
3239 7 0 0 0 0 0 0 0 0
3242 21 0 0 7 0 0 0 0 0
3250 7 0 0 0 0 0 0 0 0
3253 56 2 2 7 0 0 0 0 0
3264 7 0 0 0 0 0 0 0 0
3265 14 0 0 0 0 0 0 0 0
3266 14 0 0 0 0 0 0 0 0
3268 14 1 1 0 0 0 0 0 0
3269 21 1 1 0 0 0 0 0 0
3294 35 0 0 28 0 0 0 0 0
fn=free
2827 1 0 0 1 0 0 0 0 0
2917 2 0 0 2 2 2 0 0 0
2918 2 1 1 0 0 0 0 0 0
2924 2 0 0 0 0 0 0 0 0
fn=malloc
2876 20 1 1 0 0 0 10 0 0
2881 10 0 0 10 4 0 0 0 0
2882 10 0 0 0 0 0 0 0 0
2883 2 1 1 1 0 0 0 0 0
2885 8 0 0 8 0 0 0 0 0
2887 32 1 1 8 1 0 0 0 0
2891 16 0 0 0 0 0 4 0 0
2892 8 0 0 0 0 0 0 0 0
2903 16 1 1 8 0 0 0 0 0
2904 32 0 0 4 0 0 0 0 0
2907 23 1 1 15 0 0 0 0 0
fn=malloc_consolidate
1785 381 0 0 0 0 0 0 0 0
1788 381 0 0 0 0 0 254 31 31
1792 3 1 1 0 0 0 0 0 0
1796 3 1 1 1 0 0 1 0 0
1797 2 0 0 0 0 0 1 0 0
1799 1 0 0 0 0 0 1 1 1
4104 8 1 1 0 0 0 6 1 0
4126 5 0 0 1 0 0 0 0 0
4199 8 0 0 7 0 0 0 0 0
4996 1 1 1 0 0 0 0 0 0
fn=memalign_hook_ini
3055 2 0 0 1 0 0 0 0 0
fn=posix_memalign
5006 14 0 0 0 0 0 7 0 0
5011 14 1 1 0 0 0 0 0 0
5012 42 1 1 0 0 0 0 0 0
5013 14 0 0 0 0 0 0 0 0
5014 7 0 0 0 0 0 0 0 0
5018 28 0 0 7 0 0 7 4 4
5020 14 0 0 0 0 0 0 0 0
5022 7 0 0 0 0 0 7 0 0
5023 7 0 0 0 0 0 0 0 0
5026 7 0 0 0 0 0 0 0 0
5027 28 0 0 14 0 0 0 0 0
fn=realloc
2952 18 2 2 0 0 0 12 0 0
2959 4 0 0 4 1 1 0 0 0
2960 4 0 0 0 0 0 0 0 0
2961 2 1 1 1 0 0 0 0 0
2964 2 0 0 0 0 0 0 0 0
2971 2 0 0 0 0 0 0 0 0
2972 2 0 0 0 0 0 0 0 0
3048 14 1 1 13 0 0 0 0 0
fl=/build/buildd/eglibc-2.19/malloc/morecore.c
fn=__default_morecore
46 2 1 1 0 0 0 0 0 0
47 2 0 0 0 0 0 2 0 0
49 6 0 0 0 0 0 0 0 0
52 6 0 0 2 0 0 0 0 0
fl=/build/buildd/eglibc-2.19/misc/../sysdeps/unix/syscall-template.S
fn=mmap
81 145 2 2 0 0 0 0 0 0
82 29 0 0 29 0 0 0 0 0
fn=mprotect
81 68 2 2 0 0 0 0 0 0
82 17 0 0 17 0 0 0 0 0
fn=munmap
81 4 0 0 0 0 0 0 0 0
82 1 0 0 1 0 0 0 0 0
fl=/build/buildd/eglibc-2.19/misc/../sysdeps/unix/sysv/linux/getpagesize.c
fn=getpagesize
29 32 1 1 16 1 0 0 0 0
31 8 0 0 8 0 0 0 0 0
fl=/build/buildd/eglibc-2.19/misc/../sysdeps/unix/sysv/linux/x86_64/brk.c
fn=brk
28 2 0 0 0 0 0 0 0 0
31 16 1 1 2 0 0 2 0 0
33 4 0 0 0 0 0 0 0 0
39 2 0 0 0 0 0 0 0 0
40 2 0 0 2 0 0 0 0 0
fl=/build/buildd/eglibc-2.19/misc/../sysdeps/unix/sysv/linux/x86_64/clone.S
fn=clone
55 7 1 1 0 0 0 0 0 0
56 7 0 0 0 0 0 0 0 0
57 7 0 0 0 0 0 0 0 0
58 7 0 0 0 0 0 0 0 0
59 7 0 0 0 0 0 0 0 0
62 7 0 0 0 0 0 0 0 0
63 7 0 0 0 0 0 7 7 7
67 7 0 0 0 0 0 7 0 0
70 7 0 0 0 0 0 0 0 0
71 7 0 0 0 0 0 0 0 0
72 7 0 0 0 0 0 0 0 0
73 7 0 0 7 0 0 0 0 0
74 7 0 0 0 0 0 0 0 0
79 7 1 1 0 0 0 0 0 0
81 14 0 0 0 0 0 0 0 0
82 14 0 0 0 0 0 0 0 0
83 14 0 0 0 0 0 0 0 0
85 7 0 0 7 0 0 0 0 0
93 7 0 0 0 0 0 0 0 0
96 7 0 0 0 0 0 0 0 0
97 7 0 0 0 0 0 0 0 0
109 7 0 0 7 3 0 0 0 0
110 7 0 0 7 0 0 0 0 0
111 7 0 0 0 0 0 7 0 0
fl=/build/buildd/eglibc-2.19/misc/init-misc.c
fn=__init_misc
30 4 1 1 0 0 0 2 0 0
31 5 0 0 1 0 0 0 0 0
33 3 0 0 0 0 0 1 0 0
37 5 0 0 1 1 0 1 1 0
38 3 1 1 2 0 0 1 0 0
40 4 0 0 3 0 0 0 0 0
fl=/build/buildd/eglibc-2.19/misc/sbrk.c
fn=sbrk
34 8 1 1 0 0 0 6 0 0
42 11 0 0 5 3 1 0 0 0
43 6 1 1 1 0 0 1 0 0
46 4 0 0 0 0 0 0 0 0
50 4 0 0 0 0 0 0 0 0
53 3 0 0 0 0 0 1 0 0
57 10 0 0 8 0 0 0 0 0
fl=/build/buildd/eglibc-2.19/nptl/../nptl/pthread_mutex_lock.c
fn=pthread_mutex_lock
63 2 1 1 0 0 0 0 0 0
66 3 0 0 1 0 0 0 0 0
70 3 0 0 0 0 0 0 0 0
74 2 0 0 0 0 0 0 0 0
83 2 1 1 0 0 0 0 0 0
94 4 0 0 0 0 0 0 0 0
98 1 0 0 1 0 0 0 0 0
101 2 1 1 1 0 0 0 0 0
114 5 0 0 1 0 0 0 0 0
116 2 0 0 1 0 0 0 0 0
117 2 0 0 0 0 0 1 0 0
158 1 0 0 1 0 0 0 0 0
161 1 0 0 0 0 0 1 0 0
163 1 0 0 1 0 0 0 0 0
168 1 0 0 0 0 0 0 0 0
169 2 0 0 1 0 0 0 0 0
fl=/build/buildd/eglibc-2.19/nptl/../nptl/sysdeps/pthread/createthread.c
fn=do_clone.constprop.3
51 49 1 1 0 0 0 21 0 0
59 28 0 0 0 0 0 0 0 0
73 7 0 0 14 0 0 0 0 0
75 63 1 1 0 0 0 14 0 0
78 14 0 0 0 0 0 0 0 0
96 14 0 0 0 0 0 0 0 0
140 7 0 0 0 0 0 7 0 0
142 7 0 0 0 0 0 0 0 0
143 35 0 0 28 0 0 0 0 0
fn=pthread_create@@GLIBC_2.2.5
151 14 0 0 7 0 0 0 0 0
186 28 1 1 7 0 0 0 0 0
237 7 0 0 0 0 0 0 0 0
238 21 0 0 7 0 0 0 0 0
239 21 1 1 7 0 0 0 0 0
240 7 0 0 0 0 0 0 0 0
241 7 0 0 0 0 0 7 0 0
242 14 0 0 7 0 0 7 0 0
245 28 0 0 0 0 0 7 0 0
248 28 1 1 0 0 0 0 0 0
fl=/build/buildd/eglibc-2.19/nptl/../nptl/sysdeps/pthread/list.h
fn=__pthread_initialize_minimal
60 2 0 0 0 0 0 1 0 0
61 1 0 0 0 0 0 1 0 0
62 1 1 1 0 0 0 1 0 0
64 1 0 0 0 0 0 1 0 0
fn=pthread_create@@GLIBC_2.2.5
60 14 0 0 7 0 0 7 0 0
61 14 0 0 0 0 0 7 0 0
62 7 0 0 0 0 0 7 0 0
64 7 0 0 0 0 0 7 0 0
fl=/build/buildd/eglibc-2.19/nptl/../nptl/sysdeps/unix/sysv/linux/libc_pthread_init.c
fn=__libc_pthread_init
42 2 1 1 0 0 0 1 0 0
44 1 0 0 0 0 0 1 1 1
47 6 1 1 0 0 0 1 0 0
66 164 0 0 0 0 0 0 0 0
68 54 0 0 54 3 0 0 0 0
69 108 0 0 54 0 0 0 0 0
70 54 0 0 0 0 0 54 6 6
72 1 1 1 0 0 0 1 0 0
78 3 0 0 2 0 0 0 0 0
fl=/build/buildd/eglibc-2.19/nptl/../nptl/sysdeps/unix/sysv/linux/pthread_getaffinity.c
fn=pthread_getaffinity_np@@GLIBC_2.3.4
31 3 1 1 0 0 0 0 0 0
35 6 0 0 1 0 0 0 0 0
37 2 0 0 0 0 0 0 0 0
41 6 1 1 0 0 0 1 0 0
43 1 0 0 0 0 0 0 0 0
44 2 0 0 1 0 0 0 0 0
fl=/build/buildd/eglibc-2.19/nptl/../nptl/sysdeps/unix/sysv/linux/register-atfork.c
fn=__linkin_atfork
116 2 1 1 1 1 0 1 0 0
117 6 1 1 2 1 0 0 0 0
119 1 0 0 1 0 0 0 0 0
fn=__register_atfork
44 2 0 0 0 0 0 0 0 0
51 2 0 0 0 0 0 0 0 0
52 3 0 0 1 1 1 0 0 0
71 3 1 1 0 0 0 0 0 0
72 1 0 0 0 0 0 1 0 0
73 1 0 0 0 0 0 1 0 0
86 7 1 1 0 0 0 3 0 0
88 6 1 1 2 2 2 0 0 0
95 1 0 0 0 0 0 1 0 0
96 1 0 0 0 0 0 1 0 0
97 1 0 0 0 0 0 1 0 0
98 2 0 0 0 0 0 1 0 0
104 4 0 0 2 0 0 0 0 0
106 3 0 0 0 0 0 0 0 0
107 5 1 1 4 0 0 0 0 0
116 2 0 0 1 0 0 1 0 0
117 6 1 1 2 0 0 0 0 0
fl=/build/buildd/eglibc-2.19/nptl/../nptl/sysdeps/unix/sysv/linux/x86/elision-conf.c
fn=elision_init
64 1 1 1 0 0 0 0 0 0
65 5 0 0 1 0 0 2 0 0
69 2 0 0 1 0 0 0 0 0
fl=/build/buildd/eglibc-2.19/nptl/../sysdeps/unix/sysv/linux/bits/sigset.h
fn=__pthread_initialize_minimal
117 2 1 1 1 0 0 0 0 0
fl=/build/buildd/eglibc-2.19/nptl/../sysdeps/unix/sysv/linux/x86_64/sigaction.c
fn=__libc_sigaction
49 4 1 1 0 0 0 0 0 0
53 4 0 0 0 0 0 0 0 0
55 4 0 0 2 0 0 2 0 0
56 64 2 2 32 0 0 32 1 0
57 8 1 1 2 0 0 2 0 0
59 4 0 0 0 0 0 2 0 0
64 32 1 1 0 0 0 0 0 0
67 8 0 0 0 0 0 0 0 0
75 4 0 0 2 0 0 0 0 0
fl=/build/buildd/eglibc-2.19/nptl/../sysdeps/x86_64/multiarch/init-arch.c
fn=__get_cpu_features
31 7 1 1 0 0 0 4 0 0
37 3 0 0 0 0 0 0 0 0
38 3 0 0 0 0 0 0 0 0
39 2 0 0 0 0 0 0 0 0
54 3 0 0 0 0 0 1 0 0
57 6 1 1 0 0 0 0 0 0
59 4 0 0 0 0 0 0 0 0
65 3 0 0 0 0 0 0 0 0
66 2 0 0 0 0 0 0 0 0
71 2 0 0 0 0 0 0 0 0
74 12 1 1 0 0 0 0 0 0
101 2 1 1 0 0 0 0 0 0
123 1 0 0 1 1 1 0 0 0
152 2 1 1 1 0 0 0 0 0
153 7 0 0 0 0 0 4 0 0
160 3 1 1 1 0 0 0 0 0
164 2 0 0 0 0 0 0 0 0
166 3 0 0 0 0 0 0 0 0
170 2 0 0 0 0 0 0 0 0
171 1 0 0 1 0 0 0 0 0
173 2 0 0 0 0 0 0 0 0
176 2 0 0 1 0 0 0 0 0
184 6 3 3 0 0 0 0 0 0
185 4 0 0 0 0 0 0 0 0
186 2 0 0 0 0 0 0 0 0
189 1 0 0 0 0 0 1 0 0
190 1 0 0 0 0 0 1 0 0
192 1 0 0 0 0 0 1 0 0
199 1 0 0 0 0 0 1 0 0
200 3 1 1 1 1 1 0 0 0
204 3 0 0 2 0 0 0 0 0
fl=/build/buildd/eglibc-2.19/nptl/allocatestack.c
fn=pthread_create@@GLIBC_2.2.5
154 21 0 0 0 0 0 7 0 0
162 7 1 1 0 0 0 7 0 0
179 28 0 0 7 1 1 0 0 0
187 28 0 0 7 1 1 0 0 0
212 14 0 0 14 0 0 0 0 0
353 21 0 0 0 0 0 7 0 0
356 21 1 1 0 0 0 0 0 0
361 21 0 0 7 0 0 0 0 0
365 28 0 0 7 1 1 0 0 0
366 7 0 0 7 1 1 0 0 0
367 14 0 0 14 0 0 0 0 0
371 21 1 1 7 0 0 0 0 0
475 70 1 1 28 2 2 7 0 0
486 14 0 0 7 1 1 0 0 0
487 14 0 0 0 0 0 0 0 0
491 49 0 0 7 0 0 7 0 0
492 14 1 1 0 0 0 0 0 0
493 21 0 0 7 0 0 0 0 0
494 7 0 0 0 0 0 0 0 0
509 35 0 0 0 0 0 7 0 0
513 49 1 1 7 0 0 14 0 0
516 21 0 0 7 0 0 0 0 0
521 14 0 0 7 0 0 0 0 0
548 28 1 1 14 0 0 7 0 0
557 7 0 0 0 0 0 7 7 7
558 7 0 0 0 0 0 7 0 0
563 14 0 0 0 0 0 7 7 7
566 7 0 0 0 0 0 7 7 7
568 21 0 0 7 0 0 14 1 1
583 7 1 1 0 0 0 7 7 7
586 14 0 0 7 1 1 7 7 7
589 35 0 0 7 0 0 7 0 0
602 28 1 1 7 0 0 0 0 0
605 7 0 0 0 0 0 0 0 0
607 14 0 0 14 0 0 0 0 0
614 14 0 0 7 0 0 0 0 0
641 21 1 1 14 0 0 0 0 0
650 42 1 1 14 0 0 7 0 0
706 28 2 2 7 0 0 14 0 0
711 14 1 1 7 0 0 7 0 0
716 7 0 0 0 0 0 7 0 0
721 7 0 0 0 0 0 7 0 0
724 7 0 0 0 0 0 7 0 0
726 14 1 1 0 0 0 7 0 0
728 7 0 0 0 0 0 7 0 0
735 21 0 0 7 0 0 0 0 0
fl=/build/buildd/eglibc-2.19/nptl/nptl-init.c
fn=__pthread_initialize_minimal
281 4 2 2 0 0 0 3 0 0
295 1 0 0 1 0 0 0 0 0
297 5 0 0 0 0 0 2 1 0
298 2 0 0 0 0 0 1 1 0
299 1 0 0 0 0 0 1 1 0
303 3 1 1 2 1 0 1 0 0
308 2 0 0 0 0 0 1 0 0
310 1 0 0 0 0 0 1 0 0
312 1 0 0 0 0 0 1 0 0
315 3 0 0 0 0 0 0 0 0
340 1 1 1 0 0 0 1 0 0
346 8 0 0 0 0 0 1 0 0
349 2 0 0 0 0 0 0 0 0
350 2 0 0 0 0 0 0 0 0
351 2 0 0 0 0 0 1 1 1
358 3 1 1 2 1 0 1 1 0
361 2 0 0 0 0 0 1 1 1
362 1 0 0 0 0 0 0 0 0
366 2 0 0 1 1 0 1 0 0
372 2 1 1 0 0 0 1 0 0
373 1 0 0 0 0 0 1 0 0
374 22 0 0 0 0 0 16 0 0
376 4 0 0 0 0 0 1 1 0
379 2 0 0 0 0 0 1 0 0
380 1 0 0 0 0 0 1 0 0
382 4 0 0 0 0 0 1 0 0
389 6 0 0 0 0 0 0 0 0
395 3 0 0 0 0 0 1 0 0
398 3 0 0 1 0 0 0 0 0
400 3 2 2 0 0 0 1 0 0
402 6 1 1 1 0 0 1 0 0
407 5 1 1 0 0 0 1 0 0
408 3 0 0 1 0 0 0 0 0
412 1 0 0 0 0 0 0 0 0
415 3 0 0 0 0 0 0 0 0
419 2 0 0 2 0 0 0 0 0
420 5 0 0 1 0 0 0 0 0
425 4 1 1 0 0 0 1 0 0
426 4 0 0 1 0 0 0 0 0
427 2 0 0 1 0 0 1 1 1
428 3 0 0 2 0 0 1 1 1
429 2 1 1 2 0 0 0 0 0
433 5 0 0 2 0 0 3 0 0
434 2 0 0 1 0 0 1 0 0
438 2 1 1 0 0 0 1 1 0
439 2 0 0 0 0 0 1 0 0
440 1 0 0 1 1 0 0 0 0
441 1 0 0 0 0 0 1 0 0
442 2 0 0 0 0 0 0 0 0
443 1 0 0 0 0 0 0 0 0
445 2 0 0 0 0 0 1 0 0
448 2 0 0 0 0 0 1 0 0
450 2 0 0 0 0 0 1 0 0
454 1 0 0 0 0 0 1 0 0
456 4 1 1 0 0 0 1 0 0
460 1 0 0 0 0 0 1 0 0
461 5 0 0 4 0 0 0 0 0
fl=/build/buildd/eglibc-2.19/nptl/pthread_attr_init.c
fn=pthread_attr_init@@GLIBC_2.2.5
35 2 1 1 0 0 0 1 0 0
41 24 1 1 0 0 0 7 1 0
47 3 0 0 0 0 0 2 0 0
50 3 0 0 2 0 0 0 0 0
fl=/build/buildd/eglibc-2.19/nptl/pthread_attr_setdetachstate.c
fn=pthread_attr_setdetachstate
35 2 1 1 0 0 0 0 0 0
41 1 0 0 1 0 0 0 0 0
45 2 0 0 1 0 0 0 0 0
fl=/build/buildd/eglibc-2.19/nptl/pthread_create.c
fn=pthread_create@@GLIBC_2.2.5
466 84 2 2 0 0 0 63 0 0
471 7 0 0 0 0 0 7 0 0
472 14 0 0 0 0 0 0 0 0
519 7 0 0 0 0 0 7 0 0
522 7 0 0 0 0 0 7 0 0
528 14 0 0 7 0 0 7 7 7
529 14 1 1 7 0 0 7 0 0
532 7 0 0 7 0 0 0 0 0
533 28 0 0 7 0 0 7 7 7
534 21 0 0 7 0 0 0 0 0
539 28 0 0 0 0 0 7 0 0
542 42 1 1 21 1 1 21 0 0
547 14 0 0 7 0 0 7 0 0
548 14 0 0 7 0 0 7 0 0
552 14 1 1 7 0 0 7 0 0
557 14 0 0 7 0 0 7 0 0
561 21 0 0 7 0 0 0 0 0
606 14 0 0 7 0 0 7 0 0
614 14 0 0 7 0 0 0 0 0
617 7 0 0 0 0 0 0 0 0
618 56 0 0 49 0 0 0 0 0
fn=start_thread
233 28 1 1 0 0 0 14 7 7
239 28 0 0 0 0 0 0 0 0
240 7 0 0 0 0 0 7 3 0
245 21 0 0 7 1 1 7 0 0
249 7 0 0 0 0 0 7 0 0
252 28 1 1 14 0 0 0 0 0
263 35 0 0 7 0 0 0 0 0
271 14 0 0 7 0 0 0 0 0
286 7 0 0 0 0 0 7 7 7
287 7 1 1 0 0 0 7 0 0
290 14 0 0 0 0 0 7 0 0
291 14 0 0 0 0 0 0 0 0
294 14 0 0 0 0 0 7 0 0
296 21 0 0 14 0 0 0 0 0
312 14 1 1 14 0 0 7 0 0
fl=/build/buildd/eglibc-2.19/nptl/pthread_key_create.c
fn=pthread_key_create
28 1 1 1 0 0 0 0 0 0
30 2 0 0 0 0 0 0 0 0
32 1 0 0 1 1 0 0 0 0
34 5 1 1 0 0 0 0 0 0
36 3 0 0 1 0 0 0 0 0
40 4 0 0 0 0 0 1 0 0
43 1 0 0 0 0 0 1 0 0
46 2 0 0 1 0 0 0 0 0
fl=/build/buildd/eglibc-2.19/nptl/pthread_mutex_unlock.c
fn=pthread_mutex_unlock
41 3 1 1 1 1 0 0 0 0
42 3 0 0 0 0 0 0 0 0
46 2 0 0 0 0 0 0 0 0
51 1 0 0 0 0 0 1 0 0
54 1 0 0 1 0 0 0 0 0
57 3 0 0 2 0 0 0 0 0
63 2 1 1 0 0 0 0 0 0
69 4 0 0 0 0 0 0 0 0
73 3 0 0 2 1 0 0 0 0
76 2 1 1 1 0 0 0 0 0
309 1 0 0 0 0 0 0 0 0
311 2 0 0 1 0 0 0 0 0
fl=/build/buildd/eglibc-2.19/nptl/pthread_self.c
fn=pthread_self
26 1 1 1 1 0 0 0 0 0
27 1 0 0 1 0 0 0 0 0
fl=/build/buildd/eglibc-2.19/nptl/pthread_setspecific.c
fn=pthread_setspecific
28 12 2 2 0 0 0 8 0 0
35 2 0 0 2 0 0 0 0 0
39 4 0 0 0 0 0 0 0 0
42 16 0 0 2 2 1 0 0 0
44 2 0 0 0 0 0 0 0 0
46 6 1 1 0 0 0 0 0 0
49 4 0 0 0 0 0 0 0 0
84 2 0 0 0 0 0 2 2 1
89 4 0 0 0 0 0 2 0 0
90 2 0 0 0 0 0 2 2 1
92 2 0 0 0 0 0 0 0 0
93 12 0 0 10 0 0 0 0 0
fl=/build/buildd/eglibc-2.19/posix/../posix/sched_cpucount.c
fn=popcount_cpucount
25 1 0 0 0 0 0 0 0 0
27 2 1 1 0 0 0 0 0 0
29 36 0 0 1 0 0 0 0 0
31 16 0 0 0 0 0 0 0 0
34 48 0 0 16 0 0 0 0 0
fl=/build/buildd/eglibc-2.19/posix/../sysdeps/unix/syscall-template.S
fn=uname
81 4 1 1 0 0 0 0 0 0
82 1 0 0 1 0 0 0 0 0
fl=/build/buildd/eglibc-2.19/posix/../sysdeps/x86_64/multiarch/sched_cpucount.c
fn=__sched_cpucount
35 1 1 1 0 0 0 0 0 0
fl=/build/buildd/eglibc-2.19/resource/../sysdeps/unix/syscall-template.S
fn=getrlimit
81 4 1 1 0 0 0 0 0 0
82 1 0 0 1 0 0 0 0 0
fl=/build/buildd/eglibc-2.19/setjmp/../sysdeps/x86_64/bsd-_setjmp.S
fn=_setjmp
30 8 1 1 0 0 0 0 0 0
32 8 0 0 0 0 0 0 0 0
fl=/build/buildd/eglibc-2.19/setjmp/../sysdeps/x86_64/setjmp.S
fn=__sigsetjmp
26 17 2 2 0 0 0 17 0 0
35 17 0 0 0 0 0 0 0 0
36 34 1 1 17 0 0 0 0 0
37 17 0 0 0 0 0 17 0 0
41 17 0 0 0 0 0 17 0 0
42 17 0 0 0 0 0 17 0 0
43 17 0 0 0 0 0 17 0 0
44 17 0 0 0 0 0 17 0 0
45 17 0 0 0 0 0 0 0 0
47 34 0 0 17 0 0 0 0 0
49 17 0 0 0 0 0 17 0 0
50 17 1 1 17 0 0 0 0 0
53 34 0 0 17 0 0 0 0 0
55 17 0 0 0 0 0 17 1 1
59 9 0 0 0 0 0 0 0 0
60 9 0 0 9 0 0 0 0 0
64 8 0 0 0 0 0 0 0 0
fl=/build/buildd/eglibc-2.19/setjmp/sigjmp.c
fn=__sigjmp_save
28 16 0 0 0 0 0 8 0 0
29 32 0 0 0 0 0 8 0 0
34 24 0 0 16 0 0 0 0 0
fl=/build/buildd/eglibc-2.19/stdlib/cxa_atexit.c
fn=__cxa_atexit
35 2 0 0 0 0 0 1 0 0
37 2 0 0 0 0 0 0 0 0
41 3 0 0 1 0 0 0 0 0
43 1 0 0 0 0 0 1 0 0
44 1 0 0 0 0 0 1 0 0
45 1 0 0 0 0 0 1 0 0
47 1 1 1 0 0 0 1 0 0
48 1 0 0 0 0 0 0 0 0
57 6 1 1 0 0 0 3 0 0
59 4 0 0 4 0 0 0 0 0
fn=__new_exitfn
73 4 1 1 0 0 0 2 0 0
74 2 0 0 0 0 0 0 0 0
79 6 0 0 2 2 1 0 0 0
81 8 2 2 2 1 0 0 0 0
83 3 0 0 1 1 0 0 0 0
91 1 0 0 0 0 0 1 0 0
112 1 1 1 0 0 0 0 0 0
113 2 0 0 0 0 0 1 0 0
126 1 1 1 0 0 0 1 0 0
127 1 0 0 1 1 1 0 0 0
130 4 0 0 2 0 0 0 0 0
133 5 0 0 3 0 0 0 0 0
fl=/build/buildd/eglibc-2.19/stdlib/getenv.c
fn=getenv
35 96 2 2 0 0 0 72 0 0
36 24 0 0 0 0 0 12 0 0
40 84 0 0 36 0 0 0 0 0
43 24 0 0 12 0 0 0 0 0
68 12 1 1 12 0 0 0 0 0
73 12 0 0 0 0 0 0 0 0
74 12 0 0 0 0 0 0 0 0
76 3108 1 1 780 8 0 0 0 0
85 1536 0 0 768 30 0 0 0 0
92 108 0 0 84 0 0 0 0 0
fl=/build/buildd/eglibc-2.19/stdlib/rand.c
fn=rand
26 2097152 1 1 0 0 0 0 0 0
27 2097152 0 0 0 0 0 2097152 0 0
28 4194304 0 0 2097152 0 0 0 0 0
fl=/build/buildd/eglibc-2.19/stdlib/random.c
fn=random
293 2097152 1 1 0 0 0 0 0 0
296 12582912 1 1 4194304 1 0 0 0 0
298 6291456 0 0 0 0 0 2097152 0 0
300 8388608 1 1 4194304 0 0 0 0 0
302 2097152 0 0 2097152 0 0 0 0 0
303 4194304 0 0 2097152 0 0 0 0 0
fn=srand
210 2 1 1 0 0 0 0 0 0
211 6 1 1 2 1 1 0 0 0
212 3 0 0 0 0 0 1 0 0
213 4 1 1 2 0 0 0 0 0
214 2 0 0 1 0 0 0 0 0
fl=/build/buildd/eglibc-2.19/stdlib/random_r.c
fn=random_r
366 8389848 1 1 0 0 0 0 0 0
369 2165122 0 0 2097462 0 0 0 0 0
371 6292386 0 0 2097462 1 0 0 0 0
380 2097462 0 0 2097462 0 0 0 0 0
381 2097462 0 0 2097462 0 0 0 0 0
382 2097462 0 0 2097462 0 0 0 0 0
385 6292386 0 0 4194924 2 0 2097462 0 0
387 4194924 0 0 0 0 0 2097462 0 0
388 2097462 0 0 0 0 0 0 0 0
389 4194924 0 0 0 0 0 0 0 0
392 67660 0 0 0 0 0 0 0 0
396 2029802 0 0 0 0 0 0 0 0
397 4059604 1 1 0 0 0 0 0 0
400 2097462 0 0 0 0 0 2097462 0 0
401 4194924 0 0 2097462 0 0 2097462 0 0
403 2097462 0 0 0 0 0 0 0 0
fn=srandom_r
164 5 1 1 0 0 0 3 0 0
172 2 0 0 0 0 0 0 0 0
174 1 0 0 1 0 0 0 0 0
175 2 0 0 0 0 0 0 0 0
178 1 1 1 1 0 0 0 0 0
180 3 0 0 0 0 0 0 0 0
182 1 0 0 0 0 0 1 1 1
183 2 0 0 0 0 0 0 0 0
188 1 0 0 1 0 0 0 0 0
189 95 0 0 0 0 0 0 0 0
194 211 1 1 0 0 0 0 0 0
195 60 0 0 0 0 0 0 0 0
196 90 0 0 0 0 0 0 0 0
198 90 0 0 0 0 0 0 0 0
199 30 0 0 0 0 0 30 1 1
202 3 0 0 1 1 0 1 0 0
203 2 1 1 0 0 0 1 0 0
204 1 0 0 0 0 0 0 0 0
205 934 0 0 0 0 0 0 0 0
208 930 0 0 0 0 0 310 0 0
212 1 0 0 0 0 0 0 0 0
216 5 0 0 4 0 0 0 0 0
fl=/build/buildd/eglibc-2.19/string/../bits/stdlib-bsearch.h
fn=intel_check_word
27 8 1 1 0 0 0 0 0 0
28 16 0 0 0 0 0 0 0 0
29 110 0 0 0 0 0 0 0 0
31 154 0 0 0 0 0 0 0 0
32 54 0 0 0 0 0 0 0 0
37 8 1 1 0 0 0 0 0 0
fl=/build/buildd/eglibc-2.19/string/../string/memcmp.c
fn=bcmp
105 20 1 1 20 0 0 0 0 0
106 40 0 0 20 0 0 0 0 0
110 44 0 0 0 0 0 0 0 0
111 12 1 1 0 0 0 0 0 0
129 28 1 1 0 0 0 0 0 0
133 4 1 1 4 1 1 0 0 0
134 4 0 0 4 0 0 0 0 0
135 4 0 0 0 0 0 0 0 0
136 4 0 0 0 0 0 0 0 0
137 4 0 0 0 0 0 0 0 0
183 4 0 0 4 0 0 0 0 0
184 4 0 0 4 0 0 0 0 0
185 32 0 0 0 0 0 8 1 1
221 3 0 0 0 0 0 0 0 0
222 6 0 0 0 0 0 0 0 0
226 6 0 0 0 0 0 0 0 0
228 21 1 1 0 0 0 0 0 0
232 3 0 0 3 0 0 0 0 0
233 3 0 0 3 1 1 0 0 0
234 3 0 0 3 0 0 0 0 0
235 3 0 0 0 0 0 0 0 0
236 3 0 0 0 0 0 0 0 0
237 3 0 0 0 0 0 0 0 0
289 3 0 0 3 0 0 0 0 0
290 3 0 0 3 1 1 0 0 0
291 18 1 1 0 0 0 0 0 0
292 6 0 0 0 0 0 0 0 0
299 6 1 1 0 0 0 0 0 0
304 18 1 1 0 0 0 0 0 0
305 6 0 0 0 0 0 0 0 0
315 133 1 1 0 0 0 114 2 2
318 19 0 0 0 0 0 0 0 0
319 19 0 0 0 0 0 0 0 0
322 38 0 0 0 0 0 0 0 0
326 27 0 0 0 0 0 0 0 0
328 2 0 0 2 1 1 0 0 0
329 2 0 0 2 0 0 0 0 0
330 2 0 0 0 0 0 0 0 0
331 2 0 0 0 0 0 0 0 0
333 4 0 0 0 0 0 0 0 0
335 2 0 0 0 0 0 0 0 0
342 21 1 1 0 0 0 0 0 0
343 14 0 0 0 0 0 0 0 0
346 8 0 0 0 0 0 0 0 0
350 9 0 0 0 0 0 0 0 0
351 3 0 0 0 0 0 0 0 0
352 3 0 0 0 0 0 0 0 0
356 214 2 2 0 0 0 0 0 0
358 93 0 0 93 2 2 0 0 0
359 93 0 0 93 5 5 0 0 0
360 93 0 0 0 0 0 0 0 0
363 302 0 0 0 0 0 0 0 0
368 14 0 0 0 0 0 0 0 0
369 152 0 0 133 0 0 0 0 0
fl=/build/buildd/eglibc-2.19/string/../sysdeps/x86_64/memcpy.S
fn=mempcpy
61 38 2 2 0 0 0 0 0 0
65 38 0 0 0 0 0 0 0 0
68 37 0 0 0 0 0 0 0 0
69 37 0 0 0 0 0 0 0 0
71 12 0 0 12 1 1 0 0 0
72 12 0 0 0 0 0 12 1 1
74 12 0 0 0 0 0 0 0 0
75 12 0 0 0 0 0 0 0 0
80 37 0 0 0 0 0 0 0 0
81 37 0 0 0 0 0 0 0 0
83 11 0 0 11 0 0 0 0 0
84 11 0 0 0 0 0 11 1 1
86 11 0 0 0 0 0 0 0 0
87 11 0 0 0 0 0 0 0 0
92 37 0 0 0 0 0 0 0 0
93 37 0 0 0 0 0 0 0 0
95 13 0 0 13 0 0 0 0 0
96 13 0 0 0 0 0 13 0 0
98 13 0 0 0 0 0 0 0 0
99 13 0 0 0 0 0 0 0 0
104 37 0 0 0 0 0 0 0 0
105 37 0 0 0 0 0 0 0 0
107 10 0 0 10 0 0 0 0 0
108 10 0 0 0 0 0 10 1 1
110 10 0 0 0 0 0 0 0 0
111 20 0 0 0 0 0 0 0 0
116 37 2 2 0 0 0 0 0 0
117 47 0 0 0 0 0 0 0 0
122 10 0 0 10 2 1 0 0 0
123 10 0 0 10 0 0 0 0 0
124 10 0 0 0 0 0 10 8 8
125 10 0 0 0 0 0 10 0 0
127 10 0 0 0 0 0 0 0 0
129 10 0 0 0 0 0 0 0 0
130 10 0 0 0 0 0 0 0 0
132 10 0 0 0 0 0 0 0 0
138 37 0 0 0 0 0 0 0 0
142 37 0 0 37 0 0 0 0 0
154 4 1 1 0 0 0 0 0 0
156 4 0 0 0 0 0 0 0 0
157 4 0 0 0 0 0 0 0 0
183 4 0 0 0 0 0 0 0 0
184 4 0 0 0 0 0 0 0 0
187 4 0 0 0 0 0 0 0 0
188 4 0 0 0 0 0 0 0 0
189 4 0 0 0 0 0 0 0 0
194 4 1 1 0 0 0 0 0 0
196 4 0 0 4 0 0 0 0 0
197 4 0 0 4 0 0 0 0 0
198 4 0 0 4 0 0 0 0 0
199 4 0 0 4 0 0 0 0 0
201 4 0 0 0 0 0 4 0 0
202 4 0 0 0 0 0 4 1 1
203 4 0 0 0 0 0 4 1 1
204 4 0 0 0 0 0 4 0 0
206 4 0 0 0 0 0 0 0 0
207 4 0 0 0 0 0 0 0 0
209 4 0 0 0 0 0 0 0 0
231 4 1 1 0 0 0 0 0 0
233 4 0 0 0 0 0 0 0 0
235 1 0 0 0 0 0 0 0 0
242 1 0 0 1 0 0 0 0 0
fl=/build/buildd/eglibc-2.19/string/../sysdeps/x86_64/memset.S
fn=memset
53 9 1 1 0 0 0 0 0 0
54 9 0 0 0 0 0 0 0 0
55 9 0 0 0 0 0 0 0 0
56 9 0 0 0 0 0 0 0 0
57 9 0 0 0 0 0 0 0 0
59 9 0 0 0 0 0 0 0 0
60 9 0 0 0 0 0 0 0 0
77 9 1 1 0 0 0 0 0 0
78 9 0 0 0 0 0 9 2 2
79 9 0 0 0 0 0 0 0 0
80 9 0 0 0 0 0 9 3 3
81 9 0 0 0 0 0 9 2 2
82 9 0 0 0 0 0 9 2 2
83 9 0 0 0 0 0 9 2 2
84 9 0 0 0 0 0 9 1 1
85 9 1 1 0 0 0 9 2 2
86 9 0 0 0 0 0 9 2 2
87 9 0 0 0 0 0 0 0 0
88 9 0 0 0 0 0 0 0 0
89 9 0 0 0 0 0 0 0 0
90 18 0 0 0 0 0 0 0 0
93 131097 0 0 0 0 0 131097 131083 131083
94 131097 0 0 0 0 0 131097 0 0
95 131097 0 0 0 0 0 131097 0 0
96 131097 0 0 0 0 0 131097 0 0
97 131097 0 0 0 0 0 0 0 0
98 131097 0 0 0 0 0 0 0 0
99 131097 0 0 0 0 0 0 0 0
100 9 1 1 9 1 1 0 0 0
fl=/build/buildd/eglibc-2.19/string/../sysdeps/x86_64/multiarch/../cacheinfo.c
fn=handle_intel
305 16 0 0 0 0 0 12 0 0
306 4 1 1 0 0 0 0 0 0
317 6 0 0 0 0 0 2 0 0
319 2 1 1 0 0 0 2 0 0
320 4 0 0 0 0 0 2 0 0
322 2 0 0 0 0 0 0 0 0
328 8 1 1 0 0 0 2 0 0
333 4 0 0 0 0 0 0 0 0
335 6 0 0 0 0 0 2 0 0
336 2 0 0 0 0 0 0 0 0
340 10 0 0 0 0 0 2 0 0
341 4 0 0 0 0 0 0 0 0
344 10 1 1 0 0 0 2 0 0
345 4 0 0 0 0 0 0 0 0
362 16 1 1 14 0 0 0 0 0
fn=init_cacheinfo
550 3 1 1 0 0 0 3 0 0
563 3 0 0 1 1 0 0 0 0
570 2 0 0 0 0 0 0 0 0
572 4 0 0 1 0 0 1 0 0
575 1 0 0 0 0 0 0 0 0
576 4 1 1 1 0 0 1 0 0
578 2 0 0 0 0 0 0 0 0
589 1 0 0 1 0 0 0 0 0
607 4 0 0 1 0 0 0 0 0
614 17 1 1 0 0 0 0 0 0
620 8 0 0 0 0 0 0 0 0
623 20 0 0 0 0 0 0 0 0
625 2 1 1 0 0 0 0 0 0
631 5 0 0 0 0 0 0 0 0
638 9 1 1 0 0 0 0 0 0
640 2 0 0 0 0 0 0 0 0
642 8 0 0 0 0 0 0 0 0
644 4 0 0 0 0 0 0 0 0
649 1 1 1 0 0 0 0 0 0
651 4 0 0 0 0 0 0 0 0
652 2 0 0 0 0 0 0 0 0
653 1 0 0 0 0 0 0 0 0
657 2 0 0 0 0 0 0 0 0
669 4 0 0 0 0 0 0 0 0
670 5 1 1 0 0 0 0 0 0
744 2 0 0 0 0 0 0 0 0
746 3 1 1 0 0 0 1 0 0
747 1 0 0 0 0 0 1 1 1
749 1 0 0 0 0 0 0 0 0
750 3 0 0 0 0 0 1 0 0
751 1 0 0 0 0 0 1 0 0
754 2 0 0 0 0 0 0 0 0
756 3 0 0 0 0 0 1 0 0
757 1 0 0 0 0 0 1 1 1
759 1 0 0 0 0 0 0 0 0
760 3 0 0 0 0 0 1 0 0
761 1 0 0 0 0 0 1 0 0
763 4 0 0 4 0 0 0 0 0
fn=intel_check_word
150 108 0 0 54 6 6 0 0 0
153 54 1 1 0 0 0 0 0 0
161 16 0 0 0 0 0 12 0 0
162 8 1 1 0 0 0 0 0 0
164 2 0 0 0 0 0 0 0 0
168 28 0 0 0 0 0 0 0 0
170 32 1 1 0 0 0 0 0 0
172 10 0 0 0 0 0 0 0 0
174 20 0 0 0 0 0 0 0 0
182 20 0 0 0 0 0 0 0 0
194 39 2 2 0 0 0 0 0 0
199 16 0 0 0 0 0 0 0 0
203 10 1 1 0 0 0 0 0 0
205 5 0 0 0 0 0 0 0 0
210 8 0 0 0 0 0 0 0 0
213 2 1 1 0 0 0 0 0 0
215 4 1 1 0 0 0 0 0 0
217 10 2 2 0 0 0 0 0 0
218 8 0 0 0 0 0 0 0 0
219 8 0 0 0 0 0 0 0 0
220 2 0 0 0 0 0 0 0 0
228 3 0 0 0 0 0 0 0 0
235 16 0 0 0 0 0 0 0 0
295 8 0 0 0 0 0 0 0 0
300 16 0 0 16 0 0 0 0 0
fl=/build/buildd/eglibc-2.19/string/../sysdeps/x86_64/multiarch/../memcpy.S
fn=memcpy
61 21 1 1 0 0 0 0 0 0
63 21 0 0 0 0 0 0 0 0
65 21 0 0 0 0 0 0 0 0
68 21 0 0 0 0 0 0 0 0
69 21 0 0 0 0 0 0 0 0
71 4 1 1 4 0 0 0 0 0
72 4 0 0 0 0 0 4 3 3
74 4 0 0 0 0 0 0 0 0
75 4 0 0 0 0 0 0 0 0
80 21 0 0 0 0 0 0 0 0
81 21 0 0 0 0 0 0 0 0
83 6 0 0 6 0 0 0 0 0
84 6 0 0 0 0 0 6 1 1
86 6 0 0 0 0 0 0 0 0
87 12 0 0 0 0 0 0 0 0
92 21 0 0 0 0 0 0 0 0
93 21 0 0 0 0 0 0 0 0
95 5 0 0 5 0 0 0 0 0
96 5 0 0 0 0 0 5 0 0
98 5 0 0 0 0 0 0 0 0
99 5 0 0 0 0 0 0 0 0
104 21 0 0 0 0 0 0 0 0
105 21 0 0 0 0 0 0 0 0
107 11 0 0 11 0 0 0 0 0
108 11 0 0 0 0 0 11 2 2
110 11 0 0 0 0 0 0 0 0
111 11 0 0 0 0 0 0 0 0
116 21 1 1 0 0 0 0 0 0
117 33 0 0 0 0 0 0 0 0
122 12 0 0 12 0 0 0 0 0
123 12 0 0 12 0 0 0 0 0
124 12 0 0 0 0 0 12 1 1
125 12 0 0 0 0 0 12 1 1
127 12 0 0 0 0 0 0 0 0
129 12 0 0 0 0 0 0 0 0
130 12 0 0 0 0 0 0 0 0
132 12 0 0 0 0 0 0 0 0
140 21 0 0 21 0 0 0 0 0
148 7 0 0 0 0 0 7 0 0
154 7 0 0 0 0 0 0 0 0
156 7 0 0 0 0 0 0 0 0
157 7 0 0 0 0 0 0 0 0
160 2 0 0 0 0 0 0 0 0
161 4 0 0 0 0 0 0 0 0
166 7 0 0 7 0 0 0 0 0
167 7 0 0 0 0 0 7 0 0
169 7 0 0 0 0 0 0 0 0
171 7 0 0 0 0 0 0 0 0
172 7 0 0 0 0 0 0 0 0
174 9 0 0 0 0 0 0 0 0
183 7 1 1 0 0 0 0 0 0
184 7 0 0 0 0 0 0 0 0
187 7 0 0 0 0 0 0 0 0
188 7 0 0 0 0 0 0 0 0
189 7 0 0 0 0 0 0 0 0
194 6 1 1 0 0 0 0 0 0
196 6 0 0 6 0 0 0 0 0
197 6 0 0 6 0 0 0 0 0
198 6 0 0 6 0 0 0 0 0
199 6 0 0 6 0 0 0 0 0
201 6 0 0 0 0 0 6 1 1
202 6 0 0 0 0 0 6 0 0
203 6 0 0 0 0 0 6 1 1
204 6 0 0 0 0 0 6 0 0
206 6 0 0 0 0 0 0 0 0
207 6 0 0 0 0 0 0 0 0
209 6 0 0 0 0 0 0 0 0
231 7 1 1 0 0 0 0 0 0
237 7 0 0 7 0 0 0 0 0
238 7 0 0 0 0 0 0 0 0
fl=/build/buildd/eglibc-2.19/string/../sysdeps/x86_64/multiarch/../rtld-strlen.S
fn=strlen
26 21 1 1 0 0 0 0 0 0
27 21 0 0 0 0 0 0 0 0
28 21 0 0 0 0 0 0 0 0
29 21 0 0 0 0 0 0 0 0
31 7 0 0 0 0 0 0 0 0
32 7 0 0 0 0 0 0 0 0
34 30 0 0 30 1 1 0 0 0
35 30 0 0 0 0 0 0 0 0
36 29 0 0 0 0 0 0 0 0
37 29 0 0 0 0 0 0 0 0
38 29 0 0 0 0 0 0 0 0
40 40 1 1 0 0 0 0 0 0
45 28 0 0 28 1 1 0 0 0
46 28 0 0 0 0 0 0 0 0
47 28 0 0 0 0 0 0 0 0
48 28 0 0 0 0 0 0 0 0
51 28 0 0 0 0 0 0 0 0
52 24 0 0 0 0 0 0 0 0
53 24 0 0 0 0 0 0 0 0
54 24 0 0 0 0 0 0 0 0
56 24 0 0 0 0 0 0 0 0
59 20 0 0 20 0 0 0 0 0
60 20 0 0 0 0 0 0 0 0
61 20 0 0 0 0 0 0 0 0
62 20 0 0 0 0 0 0 0 0
65 20 0 0 0 0 0 0 0 0
66 12 0 0 0 0 0 0 0 0
67 12 0 0 0 0 0 0 0 0
68 12 1 1 0 0 0 0 0 0
70 12 0 0 0 0 0 0 0 0
73 10 0 0 10 0 0 0 0 0
74 10 0 0 0 0 0 0 0 0
75 10 0 0 0 0 0 0 0 0
76 10 0 0 0 0 0 0 0 0
79 10 0 0 0 0 0 0 0 0
80 10 0 0 0 0 0 0 0 0
81 10 0 0 0 0 0 0 0 0
82 10 0 0 0 0 0 0 0 0
84 10 0 0 0 0 0 0 0 0
87 10 0 0 10 0 0 0 0 0
88 10 0 0 0 0 0 0 0 0
89 10 0 0 0 0 0 0 0 0
90 10 0 0 0 0 0 0 0 0
93 10 0 0 0 0 0 0 0 0
94 9 0 0 0 0 0 0 0 0
95 9 0 0 0 0 0 0 0 0
96 9 0 0 0 0 0 0 0 0
98 10 0 0 0 0 0 0 0 0
101 20 1 1 0 0 0 0 0 0
103 20 0 0 0 0 0 0 0 0
104 20 0 0 0 0 0 0 0 0
105 20 0 0 0 0 0 0 0 0
107 20 0 0 0 0 0 0 0 0
108 20 0 0 0 0 0 0 0 0
109 17 0 0 0 0 0 0 0 0
111 17 0 0 0 0 0 0 0 0
112 17 0 0 0 0 0 0 0 0
113 17 0 0 0 0 0 0 0 0
115 17 0 0 0 0 0 0 0 0
116 17 0 0 0 0 0 0 0 0
117 17 0 0 0 0 0 0 0 0
119 17 0 0 0 0 0 0 0 0
121 17 0 0 0 0 0 0 0 0
122 17 0 0 0 0 0 0 0 0
123 17 0 0 0 0 0 0 0 0
125 17 0 0 0 0 0 0 0 0
126 17 0 0 0 0 0 0 0 0
127 11 0 0 0 0 0 0 0 0
129 11 0 0 0 0 0 0 0 0
130 11 0 0 0 0 0 0 0 0
131 8 0 0 0 0 0 0 0 0
133 21 1 1 0 0 0 0 0 0
134 21 0 0 21 0 0 0 0 0
fl=/build/buildd/eglibc-2.19/string/../sysdeps/x86_64/multiarch/../strchr.S
fn=index
24 15 1 1 0 0 0 0 0 0
25 15 0 0 0 0 0 0 0 0
26 15 0 0 0 0 0 0 0 0
27 15 0 0 0 0 0 0 0 0
28 15 0 0 0 0 0 0 0 0
29 15 0 0 0 0 0 0 0 0
30 15 0 0 0 0 0 0 0 0
31 15 0 0 0 0 0 0 0 0
32 15 0 0 15 4 4 0 0 0
33 15 0 0 0 0 0 0 0 0
34 15 0 0 0 0 0 0 0 0
35 15 1 1 0 0 0 0 0 0
36 15 0 0 0 0 0 0 0 0
37 15 0 0 0 0 0 0 0 0
38 15 0 0 0 0 0 0 0 0
39 15 0 0 0 0 0 0 0 0
40 15 0 0 0 0 0 0 0 0
41 12 0 0 0 0 0 0 0 0
45 12 0 0 0 0 0 0 0 0
46 12 0 0 0 0 0 0 0 0
47 12 0 0 12 0 0 0 0 0
48 12 0 0 0 0 0 0 0 0
50 12 0 0 12 0 0 0 0 0
54 3 0 0 3 0 0 0 0 0
55 3 0 0 0 0 0 0 0 0
56 3 0 0 0 0 0 0 0 0
57 3 0 0 0 0 0 0 0 0
58 3 0 0 0 0 0 0 0 0
59 3 1 1 0 0 0 0 0 0
60 3 0 0 3 1 1 0 0 0
61 3 0 0 0 0 0 0 0 0
62 3 0 0 0 0 0 0 0 0
63 3 0 0 0 0 0 0 0 0
64 3 0 0 0 0 0 0 0 0
65 3 0 0 0 0 0 0 0 0
66 3 0 0 0 0 0 0 0 0
67 3 0 0 3 0 0 0 0 0
68 3 0 0 0 0 0 0 0 0
69 3 0 0 0 0 0 0 0 0
70 3 0 0 0 0 0 0 0 0
71 3 0 0 0 0 0 0 0 0
72 3 0 0 0 0 0 0 0 0
73 3 0 0 0 0 0 0 0 0
74 3 0 0 0 0 0 0 0 0
75 3 1 1 0 0 0 0 0 0
76 3 0 0 0 0 0 0 0 0
77 3 0 0 0 0 0 0 0 0
129 3 1 1 0 0 0 0 0 0
133 3 0 0 0 0 0 0 0 0
134 3 0 0 0 0 0 0 0 0
135 3 0 0 3 0 0 0 0 0
136 3 1 1 0 0 0 0 0 0
138 3 0 0 3 0 0 0 0 0
fl=/build/buildd/eglibc-2.19/string/../sysdeps/x86_64/multiarch/../strcmp.S
fn=strcmp
131 3652 1 1 3652 98 69 0 0 0
132 3652 0 0 3652 58 39 0 0 0
133 3652 0 0 0 0 0 0 0 0
134 3097 0 0 0 0 0 0 0 0
135 3097 0 0 0 0 0 0 0 0
136 3097 0 0 0 0 0 0 0 0
137 3097 0 0 0 0 0 0 0 0
139 221 0 0 0 0 0 0 0 0
140 221 0 0 221 0 0 0 0 0
142 555 0 0 0 0 0 0 0 0
143 555 0 0 0 0 0 0 0 0
144 555 0 0 0 0 0 0 0 0
145 555 0 0 555 0 0 0 0 0
fl=/build/buildd/eglibc-2.19/string/../sysdeps/x86_64/multiarch/memmove.c
fn=memcpy@GLIBC_2.2.5
49 1 1 1 0 0 0 0 0 0
fl=/build/buildd/eglibc-2.19/string/../sysdeps/x86_64/multiarch/strcmp.S
fn=strcasecmp
114 1 1 1 1 1 1 0 0 0
115 1 0 0 0 0 0 0 0 0
116 1 0 0 0 0 0 1 0 0
119 1 0 0 0 0 0 0 0 0
120 1 0 0 1 0 0 0 0 0
121 1 1 1 0 0 0 0 0 0
132 1 0 0 1 0 0 0 0 0
fn=strncasecmp
140 1 1 1 1 0 0 0 0 0
141 1 0 0 0 0 0 0 0 0
145 1 0 0 0 0 0 0 0 0
146 1 0 0 1 0 0 0 0 0
147 1 0 0 0 0 0 0 0 0
158 1 1 1 1 0 0 0 0 0
fl=/build/buildd/eglibc-2.19/string/../sysdeps/x86_64/rtld-memset.S
fn=memset
30 29 2 2 0 0 0 0 0 0
31 29 0 0 0 0 0 0 0 0
32 29 0 0 0 0 0 0 0 0
33 7629 0 0 0 0 0 7600 120 120
34 29 0 0 0 0 0 0 0 0
35 29 0 0 29 0 0 0 0 0
fl=/build/buildd/eglibc-2.19/string/../sysdeps/x86_64/strlen.S
fn=strlen
66 12 1 1 0 0 0 0 0 0
67 12 0 0 0 0 0 0 0 0
68 12 0 0 0 0 0 0 0 0
69 12 0 0 0 0 0 0 0 0
70 12 0 0 0 0 0 0 0 0
71 12 0 0 0 0 0 0 0 0
72 12 0 0 0 0 0 0 0 0
74 12 0 0 0 0 0 0 0 0
76 12 0 0 0 0 0 0 0 0
106 12 0 0 12 3 3 0 0 0
107 12 0 0 0 0 0 0 0 0
108 12 0 0 0 0 0 0 0 0
109 12 0 0 0 0 0 0 0 0
110 12 0 0 0 0 0 0 0 0
111 9 0 0 0 0 0 0 0 0
112 9 1 1 9 0 0 0 0 0
116 3 0 0 0 0 0 0 0 0
117 3 0 0 3 0 0 0 0 0
118 3 0 0 3 2 2 0 0 0
119 3 0 0 3 0 0 0 0 0
120 3 0 0 0 0 0 0 0 0
121 3 0 0 0 0 0 0 0 0
122 3 0 0 0 0 0 0 0 0
123 3 0 0 0 0 0 0 0 0
124 3 0 0 0 0 0 0 0 0
125 3 0 0 0 0 0 0 0 0
126 3 0 0 0 0 0 0 0 0
127 3 0 0 0 0 0 0 0 0
132 24 1 1 3 0 0 0 0 0
fl=/build/buildd/eglibc-2.19/string/../sysdeps/x86_64/strrchr.S
fn=rindex
24 1 1 1 0 0 0 0 0 0
25 1 0 0 0 0 0 0 0 0
26 1 0 0 0 0 0 0 0 0
27 1 0 0 0 0 0 0 0 0
28 1 0 0 0 0 0 0 0 0
29 1 0 0 0 0 0 0 0 0
30 1 0 0 0 0 0 0 0 0
31 1 0 0 0 0 0 0 0 0
32 1 0 0 1 1 0 0 0 0
33 1 0 0 0 0 0 0 0 0
34 1 0 0 0 0 0 0 0 0
35 1 0 0 0 0 0 0 0 0
36 1 0 0 0 0 0 0 0 0
37 1 0 0 0 0 0 0 0 0
38 1 1 1 0 0 0 0 0 0
39 1 0 0 0 0 0 0 0 0
40 1 0 0 0 0 0 0 0 0
41 1 0 0 0 0 0 0 0 0
42 1 0 0 0 0 0 0 0 0
43 1 0 0 0 0 0 0 0 0
44 1 0 0 0 0 0 0 0 0
45 1 0 0 0 0 0 0 0 0
46 1 0 0 0 0 0 0 0 0
47 1 0 0 1 0 0 0 0 0
fl=/build/buildd/eglibc-2.19/time/../sysdeps/generic/dl-hash.h
fn=gettimeofday
43 2 0 0 0 0 0 0 0 0
44 2 1 1 0 0 0 0 0 0
45 26 1 1 8 1 1 0 0 0
48 24 0 0 0 0 0 0 0 0
49 16 0 0 0 0 0 0 0 0
62 16 0 0 0 0 0 0 0 0
67 2 0 0 0 0 0 0 0 0
fn=time
43 2 0 0 0 0 0 0 0 0
44 2 0 0 0 0 0 0 0 0
45 26 0 0 8 1 1 0 0 0
48 24 0 0 0 0 0 0 0 0
49 16 1 1 0 0 0 0 0 0
62 16 0 0 0 0 0 0 0 0
67 2 0 0 0 0 0 0 0 0
fl=/build/buildd/eglibc-2.19/time/../sysdeps/unix/sysv/linux/x86_64/gettimeofday.c
fn=gettimeofday
30 2 0 0 0 0 0 0 0 0
31 14 0 0 0 0 0 8 0 0
34 6 0 0 0 0 0 2 0 0
35 6 0 0 0 0 0 0 0 0
36 6 0 0 2 0 0 0 0 0
fl=/build/buildd/eglibc-2.19/time/../sysdeps/unix/sysv/linux/x86_64/time.c
fn=time
36 2 0 0 0 0 0 0 0 0
37 14 1 1 0 0 0 8 0 0
40 12 1 1 0 0 0 2 0 0
41 6 0 0 2 0 0 0 0 0
fl=???
fn=???
0 21377857 135 129 4852134 523 286 662 44 39
fn=GOMP_parallel_end
0 3 0 0 1 1 1 0 0 0
fn=GOMP_parallel_start
0 19 2 2 3 0 0 5 0 0
fn=__libc_csu_init
0 34 3 3 8 1 1 8 0 0
fn=__sched_cpucount
0 9 1 1 3 0 0 0 0 0
fn=_dl_debug_initialize
0 6 1 1 5 0 0 0 0 0
fn=_mm_malloc
0 112 1 1 14 0 0 7 0 0
fn=compare_matrix
0 40894470 2 2 6291465 786435 786435 0 0 0
fn=main
0 20321433 17 17 2097185 15 15 4194348 262154 262154
fn=memcpy@GLIBC_2.2.5
0 12 1 1 4 0 0 0 0 0
fn=omp_get_num_threads
0 48 1 1 32 10 2 0 0 0
fn=omp_get_thread_num
0 24 0 0 24 7 3 0 0 0
fn=omp_set_num_threads
0 15 2 2 4 0 0 3 0 0
fn=optimization_cache_blocking
0 12214870038 3 3 2281701383 1090650114 134479874 134217735 134217728 0
fn=optimization_loop_unrolling
0 4440724487 5 5 2147483648 1076226048 1074864128 1048579 1048576 1048576
fn=optimization_naive
0 10748957703 2 2 2147483650 1076226049 1074864129 1048577 1048576 131072
fn=optimization_openmp
0 13 0 0 1 0 0 6 0 0
fn=optimization_openmp._omp_fn.0
0 10753153248 4 4 2150629408 1077049889 1072942385 1048616 1048576 1048576
fn=optimization_register_blocking
0 0 0 0 0 0 0 0 0 0
fn=optimization_simd
0 1612716037 2 2 536870913 269346817 268771329 262144 262144 262144
summary: 39952708375 1063 1055 9308938307 4590289481 3626711403 154958607 138019824 2884526
